8807	1
7754	2
8183	3
8004	4
8003	5
7248	6
7975	7
7649	8
7574	9
7925	10
8324	11
7790	12
8152	13
7218	14
7730	15
8109	16
8822	17
8713	18
6931	19
5989	20
5259	21
6914	22
5027	23
4273	24
1379	25
6474	26
1430	27
1	28
6047	29
3455	30
5015	31
6945	32
6656	33
4092	34
2053	35
1367	36
69	37
5726	38
4778	39
4812	40
2181	41
243	42
5261	43
4672	44
3029	45
4	46
3650	47
5270	48
117	49
6083	50
6752	51
293	52
1	53
4493	54
7723	55
7090	56
8513	57
38	58
5925	59
7432	60
4081	61
2310	62
6115	63
114	64
4532	65
1562	66
7513	67
7265	68
3677	69
796	70
11	71
8076	72
1255	73
2605	74
7433	75
2397	76
1964	77
1363	78
8277	79
6419	80
939	81
4436	82
4132	83
6818	84
49	85
6575	86
8483	87
4401	88
7440	89
4883	90
5643	91
4063	92
6	93
4643	94
82	95
4079	96
13	97
1831	98
19	99
7617	100
8733	101
449	102
2646	103
5	104
3617	105
1016	106
6893	107
6610	108
1643	109
501	110
5849	111
8942	112
4066	113
64	114
64	115
834	116
6271	117
2850	118
8806	119
1172	120
3410	121
732	122
7360	123
1851	124
2565	125
6946	126
6370	127
229	128
8682	129
3668	130
8230	131
5535	132
7815	133
2230	134
4734	135
6785	136
7384	137
8260	138
8174	139
1878	140
7108	141
8531	142
3215	143
8127	144
3277	145
8402	146
13	147
1966	148
92	149
1541	150
3732	151
6307	152
2559	153
8410	154
142	155
5446	156
8616	157
6041	158
1967	159
5368	160
7220	161
3837	162
8570	163
3680	164
6542	165
1591	166
7438	167
4932	168
8812	169
3502	170
1001	171
58	172
461	173
675	174
15	175
6095	176
4892	177
7331	178
6217	179
435	180
4751	181
6597	182
8709	183
6106	184
5021	185
227	186
8606	187
6872	188
5431	189
5343	190
6248	191
769	192
5576	193
4310	194
1137	195
6073	196
4616	197
5407	198
4624	199
267	200
2410	201
7382	202
1303	203
6632	204
39	205
5548	206
6772	207
8375	208
7065	209
7170	210
1045	211
147	212
6168	213
8753	214
7125	215
3454	216
8136	217
8587	218
5687	219
3835	220
872	221
1779	222
7779	223
5787	224
4657	225
1662	226
7737	227
2678	228
3511	229
3906	230
5652	231
2376	232
307	233
1083	234
2691	235
4	236
2801	237
1428	238
3643	239
8318	240
85	241
297	242
2373	243
1852	244
903	245
2554	246
3034	247
7437	248
6548	249
6877	250
164	251
3198	252
5498	253
32	254
5093	255
2111	256
5311	257
4746	258
2911	259
1	260
43	261
3002	262
8284	263
3339	264
405	265
8236	266
5167	267
7139	268
8590	269
3483	270
3445	271
7388	272
3543	273
1500	274
2711	275
4421	276
3596	277
2515	278
195	279
2214	280
6527	281
2299	282
197	283
3319	284
8901	285
7982	286
6694	287
4621	288
7776	289
247	290
7817	291
1022	292
3375	293
8	294
8656	295
55	296
8627	297
968	298
6342	299
2398	300
4120	301
4550	302
6292	303
4040	304
4818	305
6	306
24	307
39	308
469	309
5807	310
6204	311
7280	312
6424	313
8578	314
6711	315
3981	316
4566	317
5322	318
8214	319
8369	320
6200	321
5105	322
7909	323
7750	324
3367	325
6862	326
6525	327
5840	328
1035	329
7156	330
6364	331
62	332
5960	333
6192	334
5391	335
8684	336
6	337
162	338
7194	339
5596	340
6888	341
4380	342
8902	343
3414	344
5289	345
4682	346
8778	347
8240	348
6396	349
7444	350
774	351
2207	352
6579	353
459	354
1728	355
1073	356
1078	357
597	358
3	359
6260	360
6566	361
2213	362
8554	363
1634	364
7985	365
2785	366
7420	367
4159	368
1578	369
1197	370
150	371
7512	372
6445	373
8396	374
6666	375
2862	376
4658	377
15	378
983	379
248	380
5228	381
4343	382
7463	383
6644	384
4242	385
5805	386
8075	387
4133	388
3797	389
1	390
2236	391
1114	392
4267	393
12	394
5	395
6695	396
5076	397
5381	398
8313	399
8114	400
7320	401
4997	402
260	403
5491	404
516	405
70	406
2	407
4057	408
7539	409
5763	410
5160	411
2786	412
727	413
5875	414
5499	415
14	416
7523	417
3659	418
3296	419
998	420
4	421
196	422
2030	423
2268	424
2930	425
1899	426
5949	427
6648	428
2950	429
941	430
3630	431
3671	432
15	433
5874	434
4690	435
5930	436
701	437
8228	438
61	439
943	440
8624	441
809	442
3939	443
1706	444
1554	445
98	446
3408	447
2608	448
4684	449
1068	450
2194	451
1419	452
1957	453
735	454
6373	455
3444	456
7350	457
5245	458
116	459
2797	460
888	461
1685	462
953	463
2954	464
8440	465
5323	466
3012	467
5	468
2210	469
5172	470
1397	471
6900	472
3132	473
8423	474
6831	475
6589	476
1620	477
281	478
65	479
3094	480
7092	481
2628	482
23	483
5151	484
5176	485
86	486
5806	487
8725	488
2426	489
2842	490
6367	491
7966	492
5906	493
3157	494
6130	495
7379	496
2	497
8644	498
5526	499
7239	500
2602	501
4080	502
3306	503
486	504
4314	505
3947	506
13	507
2296	508
7283	509
5062	510
2832	511
5494	512
8446	513
7095	514
8895	515
13	516
5956	517
6927	518
8544	519
8426	520
5352	521
4351	522
5909	523
5181	524
3877	525
5692	526
1446	527
4086	528
4840	529
178	530
5856	531
2118	532
2	533
8823	534
6285	535
8066	536
5600	537
6609	538
5920	539
3	540
6754	541
4929	542
338	543
8107	544
1568	545
7362	546
1635	547
3353	548
6852	549
1113	550
7564	551
3139	552
8351	553
13	554
5439	555
4789	556
6582	557
7227	558
6352	559
5598	560
8608	561
3467	562
7147	563
2642	564
2776	565
2489	566
3703	567
578	568
6813	569
2247	570
4191	571
2502	572
6318	573
1	574
4	575
6891	576
5823	577
8238	578
3689	579
5335	580
7903	581
1547	582
8279	583
7119	584
605	585
6675	586
71	587
4504	588
5401	589
21	590
8642	591
8900	592
7740	593
4832	594
41	595
598	596
8504	597
2141	598
3841	599
8040	600
16	601
3153	602
5895	603
2271	604
1	605
8906	606
4029	607
4	608
4771	609
3142	610
4512	611
3858	612
10	613
2856	614
2386	615
3648	616
497	617
1124	618
1538	619
3442	620
6669	621
814	622
6944	623
2202	624
3259	625
4265	626
3777	627
19	628
6763	629
722	630
7952	631
3740	632
3781	633
1159	634
4722	635
6056	636
3743	637
1758	638
6293	639
354	640
681	641
1344	642
2303	643
6052	644
3729	645
8374	646
6700	647
4982	648
4085	649
7905	650
1790	651
6892	652
358	653
3446	654
1464	655
6490	656
690	657
7842	658
2596	659
8660	660
3754	661
25	662
5547	663
3308	664
822	665
3172	666
786	667
1305	668
4377	669
255	670
255	671
1972	672
8205	673
3766	674
1503	675
2403	676
1102	677
1043	678
639	679
3397	680
245	681
40	682
5952	683
947	684
4368	685
8200	686
7954	687
2571	688
2374	689
4671	690
3712	691
2756	692
272	693
2778	694
225	695
4183	696
9	697
6612	698
5899	699
4523	700
6731	701
21	702
6231	703
7936	704
6954	705
319	706
935	707
3764	708
1653	709
8927	710
8020	711
6166	712
8261	713
3180	714
7510	715
7596	716
2545	717
54	718
1134	719
2	720
2284	721
493	722
174	723
7	724
3254	725
4606	726
6626	727
1120	728
5798	729
2671	730
6629	731
5329	732
32	733
2035	734
8433	735
4226	736
1598	737
7104	738
5318	739
6114	740
5617	741
7051	742
1815	743
4639	744
4603	745
1927	746
8275	747
7004	748
6972	749
8577	750
2631	751
2411	752
5626	753
8273	754
1886	755
5	756
7044	757
2054	758
4473	759
3622	760
7135	761
8579	762
4890	763
1060	764
7687	765
2885	766
3315	767
8612	768
2796	769
7188	770
1828	771
2724	772
4645	773
2020	774
3593	775
986	776
12	777
6942	778
50	779
1622	780
7752	781
237	782
7222	783
1777	784
525	785
6824	786
5843	787
4044	788
2249	789
6039	790
4784	791
5915	792
5455	793
7554	794
2740	795
8846	796
771	797
3279	798
15	799
1596	800
7895	801
5651	802
5861	803
7991	804
4458	805
4049	806
3624	807
3568	808
4541	809
5389	810
1085	811
8135	812
6343	813
2257	814
1	815
8306	816
276	817
7658	818
8	819
7538	820
7976	821
4692	822
5799	823
7067	824
546	825
2610	826
5897	827
4775	828
7475	829
3156	830
7083	831
2429	832
1189	833
8605	834
7931	835
2251	836
7841	837
7448	838
8891	839
7643	840
4479	841
5148	842
8326	843
6028	844
2514	845
5	846
7655	847
1470	848
768	849
6792	850
1135	851
4886	852
5898	853
2491	854
8082	855
1105	856
6726	857
69	858
8449	859
1440	860
5612	861
12	862
3084	863
817	864
3952	865
1049	866
1848	867
4022	868
3280	869
5992	870
1260	871
3874	872
2318	873
6665	874
6909	875
10	876
8161	877
7169	878
233	879
7508	880
275	881
4067	882
5129	883
4908	884
221	885
3555	886
7206	887
6757	888
331	889
7836	890
54	891
2956	892
4	893
291	894
13	895
4204	896
11	897
4286	898
221	899
7705	900
3369	901
4232	902
2355	903
3526	904
1652	905
5505	906
2783	907
7	908
8462	909
3857	910
2258	911
3991	912
6769	913
1958	914
4501	915
6869	916
7348	917
1787	918
7580	919
1486	920
3968	921
174	922
6276	923
1308	924
7270	925
642	926
353	927
9	928
8363	929
25	930
4655	931
2431	932
3162	933
310	934
3087	935
5094	936
3870	937
344	938
8091	939
8562	940
2548	941
707	942
8083	943
8932	944
896	945
1667	946
3437	947
810	948
1548	949
4966	950
3331	951
8847	952
2112	953
870	954
3871	955
912	956
7225	957
4415	958
3237	959
2763	960
4101	961
3587	962
5349	963
8730	964
8878	965
7914	966
1	967
2298	968
2	969
6	970
8043	971
8670	972
7968	973
269	974
1711	975
4916	976
8520	977
51	978
7969	979
287	980
8749	981
17	982
1920	983
2073	984
4514	985
3175	986
6667	987
1813	988
7944	989
4108	990
1136	991
6101	992
391	993
3143	994
8165	995
2980	996
436	997
8746	998
6	999
5	1000
3282	1001
5545	1002
7301	1003
6762	1004
7	1005
2225	1006
7443	1007
1346	1008
8681	1009
7428	1010
4065	1011
788	1012
7013	1013
6366	1014
6738	1015
1743	1016
3827	1017
3316	1018
626	1019
2932	1020
3697	1021
1271	1022
3239	1023
3973	1024
2031	1025
52	1026
1042	1027
4045	1028
1109	1029
3890	1030
2086	1031
6080	1032
7864	1033
156	1034
2472	1035
1715	1036
315	1037
6570	1038
1010	1039
8938	1040
5067	1041
1121	1042
1314	1043
8756	1044
5850	1045
1343	1046
5640	1047
309	1048
72	1049
2190	1050
3863	1051
2287	1052
7683	1053
6522	1054
1951	1055
4127	1056
6341	1057
782	1058
298	1059
8877	1060
3359	1061
140	1062
4182	1063
5559	1064
6344	1065
4796	1066
7271	1067
5715	1068
2684	1069
6720	1070
7648	1071
6309	1072
6509	1073
5782	1074
1008	1075
3337	1076
6953	1077
56	1078
713	1079
7	1080
7726	1081
6400	1082
6620	1083
4810	1084
3458	1085
840	1086
8168	1087
23	1088
2450	1089
6496	1090
175	1091
5223	1092
6908	1093
25	1094
7396	1095
696	1096
4520	1097
3714	1098
719	1099
6209	1100
6155	1101
6751	1102
4	1103
7713	1104
8661	1105
5723	1106
3046	1107
8796	1108
7	1109
2128	1110
8085	1111
942	1112
2019	1113
5615	1114
7363	1115
5296	1116
5868	1117
8005	1118
7926	1119
41	1120
6112	1121
58	1122
8435	1123
15	1124
4509	1125
6882	1126
353	1127
7	1128
187	1129
7000	1130
6304	1131
853	1132
1413	1133
4301	1134
1945	1135
5087	1136
22	1137
39	1138
3786	1139
3144	1140
7034	1141
5366	1142
115	1143
8221	1144
4507	1145
11	1146
120	1147
6127	1148
4813	1149
1290	1150
1592	1151
7520	1152
1334	1153
7098	1154
6082	1155
1502	1156
1385	1157
5425	1158
4703	1159
664	1160
97	1161
4365	1162
161	1163
1942	1164
3159	1165
8247	1166
8837	1167
3868	1168
8041	1169
414	1170
2116	1171
4998	1172
4210	1173
2	1174
4763	1175
4891	1176
7335	1177
569	1178
4303	1179
7	1180
3908	1181
6020	1182
4112	1183
8339	1184
7416	1185
4517	1186
6551	1187
6	1188
795	1189
13	1190
4383	1191
171	1192
215	1193
8748	1194
8	1195
6611	1196
4055	1197
1445	1198
3422	1199
5357	1200
11	1201
2072	1202
2793	1203
6328	1204
6149	1205
226	1206
50	1207
13	1208
8943	1209
1195	1210
6416	1211
7377	1212
14	1213
4737	1214
3295	1215
89	1216
6703	1217
8693	1218
2682	1219
1775	1220
6529	1221
4876	1222
5789	1223
972	1224
7370	1225
4438	1226
7324	1227
8422	1228
4674	1229
8124	1230
8194	1231
5320	1232
5914	1233
2084	1234
3788	1235
1180	1236
4955	1237
2912	1238
4227	1239
4498	1240
6521	1241
1658	1242
683	1243
2848	1244
7633	1245
4203	1246
4783	1247
1216	1248
8965	1249
8501	1250
2335	1251
7645	1252
8803	1253
7606	1254
604	1255
8354	1256
4106	1257
2738	1258
8117	1259
169	1260
7449	1261
2654	1262
311	1263
3757	1264
8057	1265
60	1266
1145	1267
3229	1268
6128	1269
1575	1270
7054	1271
6795	1272
6458	1273
360	1274
6939	1275
6015	1276
3066	1277
4313	1278
327	1279
9	1280
2494	1281
6571	1282
6601	1283
348	1284
4142	1285
3881	1286
209	1287
8073	1288
5628	1289
3415	1290
5759	1291
324	1292
8916	1293
1905	1294
3311	1295
4936	1296
5695	1297
6850	1298
7882	1299
8953	1300
8049	1301
2360	1302
3283	1303
2721	1304
6247	1305
6733	1306
7210	1307
3121	1308
6809	1309
3958	1310
5680	1311
5529	1312
3268	1313
3900	1314
2017	1315
6160	1316
595	1317
38	1318
1569	1319
4018	1320
749	1321
22	1322
676	1323
5618	1324
132	1325
535	1326
6528	1327
4613	1328
1358	1329
105	1330
3019	1331
203	1332
1950	1333
610	1334
2767	1335
5497	1336
3149	1337
58	1338
3533	1339
1702	1340
3076	1341
1986	1342
3304	1343
333	1344
3	1345
74	1346
2523	1347
6727	1348
7792	1349
2878	1350
1626	1351
7771	1352
5140	1353
7	1354
1969	1355
4374	1356
8507	1357
2781	1358
5300	1359
38	1360
3	1361
7242	1362
7562	1363
6265	1364
4027	1365
7196	1366
1586	1367
1082	1368
4495	1369
5590	1370
716	1371
3099	1372
7118	1373
175	1374
2428	1375
8031	1376
229	1377
1482	1378
8829	1379
2750	1380
1641	1381
7084	1382
7854	1383
5222	1384
3930	1385
7069	1386
8185	1387
293	1388
5	1389
11	1390
5	1391
7182	1392
79	1393
7049	1394
6847	1395
4213	1396
314	1397
6654	1398
1456	1399
6455	1400
3961	1401
4342	1402
8223	1403
7410	1404
7883	1405
3389	1406
2723	1407
3313	1408
4474	1409
4353	1410
8227	1411
3386	1412
552	1413
8850	1414
6805	1415
3	1416
8304	1417
3878	1418
2630	1419
2468	1420
5011	1421
812	1422
3512	1423
7610	1424
6958	1425
347	1426
5961	1427
4196	1428
8937	1429
5161	1430
4967	1431
6282	1432
6832	1433
5163	1434
7715	1435
3717	1436
8584	1437
6519	1438
8662	1439
5780	1440
1071	1441
68	1442
8481	1443
5729	1444
7338	1445
3328	1446
16	1447
5214	1448
4395	1449
5264	1450
7867	1451
4447	1452
37	1453
3919	1454
9	1455
1184	1456
2024	1457
760	1458
4	1459
257	1460
2401	1461
4440	1462
7332	1463
7811	1464
5948	1465
427	1466
2699	1467
3917	1468
5959	1469
7282	1470
6965	1471
4622	1472
3909	1473
8042	1474
4970	1475
6001	1476
16	1477
322	1478
5299	1479
2941	1480
695	1481
5674	1482
6296	1483
6050	1484
1595	1485
6941	1486
8780	1487
27	1488
126	1489
5939	1490
4935	1491
8216	1492
8949	1493
12	1494
279	1495
5552	1496
3749	1497
662	1498
8631	1499
5702	1500
8492	1501
4408	1502
2216	1503
3299	1504
2136	1505
3	1506
4131	1507
8008	1508
977	1509
4275	1510
2104	1511
2522	1512
1544	1513
7973	1514
5155	1515
4757	1516
5034	1517
5191	1518
6854	1519
7535	1520
1067	1521
5768	1522
3521	1523
4683	1524
8094	1525
7588	1526
7369	1527
127	1528
208	1529
7093	1530
4201	1531
8050	1532
7995	1533
1673	1534
2901	1535
1148	1536
3056	1537
1671	1538
2840	1539
90	1540
1013	1541
4233	1542
1795	1543
2771	1544
5150	1545
3666	1546
7276	1547
7759	1548
4432	1549
8047	1550
2	1551
2273	1552
2460	1553
5271	1554
17	1555
3635	1556
7768	1557
835	1558
3201	1559
3115	1560
8162	1561
7955	1562
730	1563
4714	1564
5134	1565
5972	1566
1530	1567
3633	1568
2516	1569
8087	1570
8086	1571
5080	1572
2891	1573
28	1574
273	1575
7829	1576
8314	1577
4070	1578
8540	1579
97	1580
4670	1581
4214	1582
7844	1583
8947	1584
8527	1585
6235	1586
1235	1587
186	1588
4862	1589
2660	1590
6272	1591
6407	1592
8869	1593
1593	1594
6910	1595
8818	1596
7081	1597
2490	1598
6048	1599
9	1600
3344	1601
8805	1602
8048	1603
6821	1604
4385	1605
2	1606
101	1607
5152	1608
5744	1609
2237	1610
57	1611
3108	1612
2002	1613
4634	1614
6077	1615
6479	1616
7045	1617
3028	1618
8002	1619
5048	1620
6621	1621
5533	1622
3541	1623
3501	1624
7823	1625
6131	1626
3977	1627
6053	1628
3	1629
5629	1630
19	1631
6750	1632
295	1633
6280	1634
8972	1635
5767	1636
6924	1637
8301	1638
89	1639
5342	1640
548	1641
8868	1642
7470	1643
4372	1644
1576	1645
1696	1646
7688	1647
5479	1648
1202	1649
8417	1650
1183	1651
2	1652
2276	1653
1668	1654
8078	1655
1661	1656
3418	1657
2907	1658
997	1659
1691	1660
2334	1661
3000	1662
4848	1663
1736	1664
3809	1665
12	1666
4947	1667
4259	1668
8511	1669
2134	1670
7791	1671
5074	1672
270	1673
5584	1674
5968	1675
4104	1676
7078	1677
81	1678
404	1679
433	1680
3690	1681
5448	1682
8089	1683
4475	1684
7469	1685
5451	1686
7626	1687
3806	1688
8397	1689
6388	1690
2462	1691
5444	1692
6462	1693
1	1694
332	1695
28	1696
5464	1697
343	1698
5731	1699
6526	1700
507	1701
6540	1702
6432	1703
906	1704
988	1705
6728	1706
5035	1707
6245	1708
5081	1709
6929	1710
56	1711
5	1712
9	1713
2719	1714
3602	1715
6873	1716
3	1717
3915	1718
365	1719
7414	1720
3203	1721
5561	1722
40	1723
7549	1724
5522	1725
5478	1726
8761	1727
8293	1728
4766	1729
2224	1730
522	1731
1989	1732
3572	1733
27	1734
852	1735
6243	1736
8931	1737
8	1738
8386	1739
1138	1740
1111	1741
341	1742
6379	1743
5367	1744
1233	1745
2231	1746
308	1747
5	1748
227	1749
4854	1750
6457	1751
7964	1752
5878	1753
572	1754
6811	1755
422	1756
130	1757
4454	1758
4455	1759
3802	1760
446	1761
6327	1762
9	1763
7575	1764
6087	1765
2693	1766
8145	1767
2222	1768
8920	1769
1123	1770
1336	1771
3613	1772
3154	1773
3194	1774
7921	1775
7043	1776
3464	1777
80	1778
3033	1779
1131	1780
11	1781
1630	1782
1539	1783
2037	1784
4548	1785
30	1786
5998	1787
5046	1788
5530	1789
6985	1790
4060	1791
8698	1792
955	1793
321	1794
252	1795
8510	1796
4937	1797
3072	1798
938	1799
561	1800
3888	1801
489	1802
8447	1803
8650	1804
2025	1805
3460	1806
92	1807
573	1808
308	1809
3497	1810
4565	1811
7714	1812
1	1813
1396	1814
2810	1815
1404	1816
5820	1817
6270	1818
7243	1819
5452	1820
7684	1821
7990	1822
2	1823
5058	1824
589	1825
6389	1826
86	1827
4587	1828
4457	1829
4515	1830
5470	1831
5372	1832
7066	1833
8991	1834
6842	1835
1766	1836
8290	1837
5052	1838
6244	1839
6025	1840
8915	1841
5362	1842
47	1843
1321	1844
464	1845
3031	1846
5068	1847
485	1848
251	1849
3750	1850
2855	1851
3284	1852
5416	1853
4172	1854
8703	1855
7947	1856
2741	1857
1681	1858
7794	1859
482	1860
3021	1861
8392	1862
4879	1863
2443	1864
4971	1865
5482	1866
75	1867
2000	1868
505	1869
406	1870
8181	1871
4748	1872
14	1873
8914	1874
1263	1875
3548	1876
368	1877
973	1878
3251	1879
8573	1880
3476	1881
5460	1882
4942	1883
4560	1884
5641	1885
6306	1886
7818	1887
5671	1888
1034	1889
752	1890
7890	1891
4989	1892
3560	1893
3799	1894
3147	1895
5862	1896
7401	1897
8473	1898
4537	1899
15	1900
6452	1901
1	1902
6486	1903
8	1904
6480	1905
1948	1906
2594	1907
5453	1908
4605	1909
3348	1910
5527	1911
48	1912
4676	1913
477	1914
6630	1915
7913	1916
6203	1917
5031	1918
2291	1919
2105	1920
6906	1921
7734	1922
6904	1923
3840	1924
5	1925
7651	1926
200	1927
3561	1928
8330	1929
5613	1930
2250	1931
4360	1932
5356	1933
3579	1934
720	1935
4099	1936
1284	1937
5603	1938
7802	1939
2016	1940
9	1941
4311	1942
4130	1943
6788	1944
4160	1945
5581	1946
1240	1947
8643	1948
8903	1949
5887	1950
4574	1951
12	1952
7025	1953
1237	1954
4607	1955
80	1956
3035	1957
3503	1958
4965	1959
583	1960
2625	1961
8469	1962
8983	1963
1098	1964
4510	1965
617	1966
4430	1967
2692	1968
2643	1969
8	1970
641	1971
7534	1972
3885	1973
89	1974
6845	1975
3989	1976
8811	1977
8524	1978
5710	1979
5178	1980
2731	1981
1	1982
5292	1983
8885	1984
4696	1985
7902	1986
8695	1987
6749	1988
1797	1989
5703	1990
6684	1991
6040	1992
5544	1993
7290	1994
4773	1995
3516	1996
5234	1997
8329	1998
2197	1999
3615	2000
751	2001
7835	2002
3584	2003
924	2004
7810	2005
7822	2006
313	2007
2737	2008
8320	2009
515	2010
6520	2011
1859	2012
66	2013
7509	2014
3365	2015
2667	2016
121	2017
101	2018
3393	2019
3255	2020
5284	2021
1772	2022
7945	2023
756	2024
5428	2025
2790	2026
8	2027
18	2028
7264	2029
7735	2030
6829	2031
23	2032
8861	2033
7007	2034
1479	2035
3876	2036
3529	2037
5562	2038
4497	2039
4882	2040
5886	2041
362	2042
767	2043
5791	2044
441	2045
7483	2046
4323	2047
8264	2048
8288	2049
4448	2050
1337	2051
7199	2052
7801	2053
3329	2054
1842	2055
7341	2056
7600	2057
2880	2058
5413	2059
392	2060
4299	2061
6989	2062
3051	2063
8609	2064
289	2065
275	2066
376	2067
8685	2068
7550	2069
4921	2070
5812	2071
44	2072
1182	2073
5893	2074
5683	2075
7605	2076
4649	2077
6021	2078
4558	2079
4630	2080
5269	2081
611	2082
5531	2083
2	2084
40	2085
4838	2086
134	2087
5384	2088
8652	2089
2107	2090
7035	2091
4248	2092
5060	2093
4945	2094
3855	2095
7	2096
7758	2097
2	2098
6010	2099
3373	2100
3711	2101
7960	2102
4563	2103
3522	2104
8452	2105
1872	2106
21	2107
3110	2108
503	2109
3370	2110
5634	2111
3938	2112
4	2113
5192	2114
4357	2115
6395	2116
5999	2117
125	2118
5912	2119
396	2120
5622	2121
5864	2122
54	2123
1	2124
16	2125
2011	2126
982	2127
8017	2128
5786	2129
7261	2130
4329	2131
3755	2132
366	2133
2851	2134
7678	2135
3323	2136
3007	2137
4731	2138
4016	2139
1572	2140
3354	2141
7689	2142
2802	2143
4858	2144
8166	2145
1610	2146
3276	2147
6663	2148
4163	2149
8785	2150
7487	2151
1285	2152
5309	2153
116	2154
4853	2155
27	2156
799	2157
170	2158
5860	2159
3449	2160
7075	2161
714	2162
63	2163
6549	2164
5519	2165
4124	2166
6613	2167
3113	2168
5348	2169
6599	2170
19	2171
8	2172
8361	2173
8975	2174
689	2175
4720	2176
2131	2177
4913	2178
2555	2179
6368	2180
4048	2181
99	2182
1324	2183
4367	2184
6156	2185
6652	2186
7874	2187
2499	2188
20	2189
6998	2190
2028	2191
4164	2192
5128	2193
7755	2194
4820	2195
6072	2196
23	2197
13	2198
6902	2199
8706	2200
7634	2201
6093	2202
2	2203
8732	2204
8634	2205
8	2206
521	2207
8220	2208
1535	2209
29	2210
1725	2211
964	2212
8563	2213
4552	2214
5844	2215
5123	2216
5	2217
5934	2218
4809	2219
6469	2220
213	2221
3	2222
1381	2223
5873	2224
1465	2225
13	2226
3901	2227
549	2228
8371	2229
54	2230
4312	2231
8460	2232
7355	2233
6426	2234
20	2235
8212	2236
1511	2237
5794	2238
90	2239
3536	2240
6429	2241
4264	2242
6109	2243
5911	2244
5149	2245
8978	2246
5465	2247
3390	2248
8599	2249
1999	2250
14	2251
5904	2252
915	2253
7294	2254
4972	2255
2949	2256
2106	2257
5083	2258
2580	2259
4249	2260
7052	2261
33	2262
4110	2263
966	2264
2686	2265
2633	2266
8437	2267
163	2268
4539	2269
5877	2270
9	2271
8491	2272
8786	2273
2155	2274
6194	2275
6841	2276
679	2277
1234	2278
4144	2279
2507	2280
7342	2281
6987	2282
2977	2283
8303	2284
5721	2285
2688	2286
5839	2287
3634	2288
5599	2289
300	2290
4449	2291
8929	2292
5221	2293
3214	2294
4250	2295
5846	2296
8880	2297
33	2298
7234	2299
2242	2300
11	2301
328	2302
6	2303
4735	2304
1312	2305
4557	2306
7036	2307
2	2308
7826	2309
4034	2310
3374	2311
6251	2312
214	2313
129	2314
4940	2315
777	2316
5913	2317
206	2318
7144	2319
5457	2320
2432	2321
1903	2322
6042	2323
3599	2324
1521	2325
6645	2326
5924	2327
4598	2328
4614	2329
2913	2330
593	2331
1835	2332
4318	2333
5847	2334
7213	2335
1931	2336
4013	2337
4148	2338
6660	2339
6091	2340
4	2341
1190	2342
1294	2343
5971	2344
5085	2345
8300	2346
7870	2347
2600	2348
6281	2349
423	2350
4594	2351
176	2352
3752	2353
7185	2354
6405	2355
3808	2356
7889	2357
334	2358
8925	2359
970	2360
7133	2361
6822	2362
8694	2363
1694	2364
7300	2365
907	2366
1059	2367
3920	2368
7323	2369
1822	2370
3136	2371
6870	2372
775	2373
416	2374
356	2375
8	2376
6573	2377
660	2378
5492	2379
5095	2380
44	2381
4931	2382
6481	2383
787	2384
6144	2385
5636	2386
364	2387
7266	2388
8380	2389
5017	2390
2772	2391
6980	2392
1793	2393
2243	2394
3702	2395
8434	2396
1618	2397
7473	2398
7908	2399
3044	2400
3045	2401
8614	2402
5512	2403
1212	2404
8316	2405
7376	2406
484	2407
5312	2408
2433	2409
5922	2410
7707	2411
4741	2412
5638	2413
5678	2414
7202	2415
2934	2416
5871	2417
2122	2418
8852	2419
804	2420
4129	2421
5663	2422
5301	2423
8673	2424
7254	2425
2325	2426
2422	2427
4826	2428
393	2429
4073	2430
8567	2431
3577	2432
7	2433
46	2434
2978	2435
3800	2436
7853	2437
615	2438
8467	2439
4856	2440
3212	2441
8128	2442
1869	2443
5033	2444
2	2445
7548	2446
5954	2447
274	2448
7387	2449
7636	2450
147	2451
2039	2452
5824	2453
1740	2454
5568	2455
7246	2456
6249	2457
7672	2458
1939	2459
7349	2460
8141	2461
2240	2462
5866	2463
551	2464
3914	2465
7809	2466
6105	2467
8476	2468
4084	2469
7647	2470
5475	2471
453	2472
3978	2473
8515	2474
224	2475
3500	2476
5606	2477
2925	2478
8556	2479
8500	2480
7517	2481
5795	2482
6371	2483
6132	2484
8794	2485
5272	2486
1516	2487
4	2488
4943	2489
7667	2490
4694	2491
8502	2492
33	2493
4815	2494
5635	2495
5673	2496
5627	2497
254	2498
2758	2499
3380	2500
180	2501
8939	2502
4496	2503
2246	2504
4758	2505
1808	2506
4426	2507
5685	2508
7006	2509
8231	2510
2	2511
5853	2512
7141	2513
1778	2514
1998	2515
6860	2516
8204	2517
3751	2518
5869	2519
320	2520
2032	2521
6510	2522
3301	2523
4528	2524
12	2525
2526	2526
21	2527
415	2528
699	2529
4849	2530
1280	2531
8176	2532
2187	2533
4709	2534
2560	2535
4244	2536
4425	2537
5003	2538
2123	2539
113	2540
2329	2541
4023	2542
7171	2543
8286	2544
3363	2545
6718	2546
3564	2547
5229	2548
158	2549
2138	2550
8574	2551
8027	2552
8370	2553
4429	2554
10	2555
1057	2556
6776	2557
1545	2558
7741	2559
7800	2560
7772	2561
8946	2562
2697	2563
4262	2564
6743	2565
6012	2566
5790	2567
6974	2568
205	2569
4543	2570
5602	2571
4083	2572
6580	2573
51	2574
6092	2575
4427	2576
8068	2577
264	2578
4663	2579
2841	2580
4322	2581
2375	2582
8457	2583
8967	2584
5	2585
4801	2586
2113	2587
539	2588
1745	2589
1571	2590
979	2591
8774	2592
7540	2593
6532	2594
1784	2595
1076	2596
4697	2597
3842	2598
3	2599
1871	2600
2445	2601
10	2602
8922	2603
4802	2604
32	2605
1718	2606
8834	2607
1860	2608
3257	2609
5509	2610
3	2611
7880	2612
8516	2613
4589	2614
7186	2615
1460	2616
5858	2617
6560	2618
8813	2619
7064	2620
6995	2621
155	2622
6236	2623
8640	2624
5279	2625
3362	2626
648	2627
4785	2628
1870	2629
5010	2630
2590	2631
7390	2632
6353	2633
4542	2634
7586	2635
42	2636
4723	2637
2569	2638
8923	2639
721	2640
18	2641
4627	2642
556	2643
618	2644
2822	2645
4217	2646
6064	2647
7306	2648
7431	2649
590	2650
4755	2651
1	2652
2327	2653
4585	2654
6191	2655
7885	2656
5755	2657
3942	2658
5113	2659
779	2660
3530	2661
8707	2662
126	2663
2348	2664
7059	2665
6911	2666
26	2667
4633	2668
4797	2669
375	2670
6283	2671
7504	2672
4610	2673
64	2674
22	2675
543	2676
1429	2677
3349	2678
8187	2679
6686	2680
7429	2681
309	2682
5004	2683
4446	2684
4483	2685
8282	2686
8	2687
2685	2688
5242	2689
298	2690
7953	2691
7804	2692
6237	2693
4939	2694
1489	2695
802	2696
8111	2697
191	2698
3	2699
826	2700
3071	2701
5253	2702
1361	2703
2114	2704
7124	2705
5657	2706
6498	2707
5779	2708
748	2709
670	2710
3152	2711
498	2712
14	2713
6631	2714
6278	2715
2655	2716
3200	2717
3004	2718
6912	2719
3432	2720
4599	2721
2063	2722
1742	2723
2050	2724
3461	2725
6476	2726
6009	2727
4499	2728
4959	2729
5117	2730
2304	2731
1	2732
2717	2733
7027	2734
3234	2735
8637	2736
6759	2737
7426	2738
19	2739
4609	2740
2119	2741
5142	2742
4628	2743
5220	2744
113	2745
5672	2746
628	2747
7089	2748
167	2749
4297	2750
3816	2751
5872	2752
8940	2753
1710	2754
5185	2755
1179	2756
8560	2757
6430	2758
528	2759
3976	2760
7142	2761
4396	2762
566	2763
2286	2764
511	2765
160	2766
76	2767
6798	2768
8077	2769
8362	2770
2459	2771
6889	2772
7457	2773
4	2774
2	2775
2959	2776
6	2777
7703	2778
3161	2779
5572	2780
8799	2781
1	2782
7624	2783
6699	2784
6748	2785
5174	2786
6118	2787
6916	2788
8591	2789
7178	2790
325	2791
7694	2792
5668	2793
8072	2794
5135	2795
8569	2796
1415	2797
7773	2798
7223	2799
8648	2800
801	2801
3709	2802
4750	2803
211	2804
6256	2805
5182	2806
1594	2807
4209	2808
7389	2809
2816	2810
637	2811
51	2812
5233	2813
4078	2814
7590	2815
3221	2816
6355	2817
8169	2818
2383	2819
7193	2820
2319	2821
56	2822
5115	2823
3687	2824
6518	2825
8400	2826
2929	2827
5146	2828
5921	2829
1913	2830
7365	2831
209	2832
8024	2833
6565	2834
210	2835
2274	2836
4924	2837
7094	2838
8377	2839
8258	2840
6690	2841
5625	2842
3735	2843
5541	2844
1026	2845
6975	2846
1767	2847
5267	2848
9	2849
4857	2850
7581	2851
34	2852
2160	2853
6054	2854
7211	2855
2041	2856
7834	2857
6923	2858
8697	2859
5196	2860
5660	2861
5566	2862
5593	2863
5777	2864
2926	2865
7018	2866
5816	2867
5395	2868
6	2869
7763	2870
7249	2871
926	2872
6617	2873
8442	2874
4051	2875
7120	2876
7339	2877
3232	2878
702	2879
7003	2880
1747	2881
7861	2882
7058	2883
5633	2884
6448	2885
8478	2886
109	2887
1129	2888
6768	2889
3088	2890
3014	2891
4968	2892
2297	2893
4149	2894
1882	2895
5574	2896
8305	2897
5845	2898
4551	2899
7812	2900
6182	2901
7920	2902
5810	2903
4601	2904
2529	2905
7846	2906
8243	2907
331	2908
4555	2909
6049	2910
8379	2911
40	2912
2760	2913
7660	2914
1177	2915
1764	2916
5138	2917
4354	2918
6495	2919
8804	2920
6550	2921
3412	2922
5363	2923
8144	2924
7589	2925
18	2926
3	2927
8816	2928
6689	2929
6314	2930
222	2931
2419	2932
2623	2933
1349	2934
5235	2935
1416	2936
4623	2937
8336	2938
671	2939
3664	2940
8493	2941
3744	2942
15	2943
7788	2944
2193	2945
8832	2946
5073	2947
5041	2948
3696	2949
5733	2950
3796	2951
800	2952
3450	2953
3	2954
6136	2955
6997	2956
6715	2957
1996	2958
6894	2959
4846	2960
7129	2961
6658	2962
2591	2963
8568	2964
10	2965
2664	2966
7654	2967
8830	2968
6685	2969
4780	2970
601	2971
4171	2972
725	2973
1836	2974
1497	2975
1454	2976
2743	2977
8801	2978
6141	2979
1556	2980
6	2981
7116	2982
1362	2983
7568	2984
7056	2985
4370	2986
5340	2987
2518	2988
4413	2989
908	2990
7541	2991
1807	2992
6732	2993
4996	2994
4140	2995
7253	2996
7053	2997
8564	2998
8424	2999
2211	3000
5268	3001
2690	3002
1226	3003
97	3004
5694	3005
5302	3006
7060	3007
8665	3008
8974	3009
5441	3010
5707	3011
5157	3012
7033	3013
8506	3014
7	3015
4888	3016
5601	3017
4877	3018
4325	3019
3240	3020
5350	3021
5540	3022
5075	3023
5177	3024
2430	3025
3377	3026
106	3027
8026	3028
7062	3029
8461	3030
8	3031
4819	3032
5412	3033
1926	3034
8970	3035
3762	3036
3404	3037
4804	3038
5456	3039
2337	3040
2509	3041
3719	3042
27	3043
3016	3044
6434	3045
2865	3046
352	3047
8859	3048
967	3049
2890	3050
5696	3051
1185	3052
6188	3053
1944	3054
8256	3055
1833	3056
6874	3057
6006	3058
8596	3059
6375	3060
3896	3061
2746	3062
5728	3063
6233	3064
22	3065
6651	3066
7403	3067
7558	3068
4611	3069
8406	3070
148	3071
3	3072
5	3073
5169	3074
7961	3075
22	3076
8455	3077
3137	3078
53	3079
3064	3080
2638	3081
2882	3082
4983	3083
6770	3084
1320	3085
3469	3086
18	3087
350	3088
299	3089
937	3090
8739	3091
2241	3092
7941	3093
2813	3094
4058	3095
7183	3096
1208	3097
5969	3098
7346	3099
149	3100
4105	3101
8789	3102
8149	3103
1897	3104
2172	3105
6950	3106
4238	3107
2728	3108
3260	3109
5136	3110
4378	3111
3803	3112
1375	3113
1880	3114
5675	3115
7656	3116
3	3117
6482	3118
8964	3119
2087	3120
8765	3121
2	3122
1550	3123
1887	3124
4688	3125
5734	3126
7717	3127
6864	3128
7137	3129
7474	3130
3273	3131
4094	3132
5722	3133
8479	3134
1881	3135
4028	3136
7906	3137
6253	3138
7	3139
23	3140
4276	3141
7619	3142
5338	3143
402	3144
247	3145
8278	3146
3505	3147
4595	3148
4225	3149
7682	3150
8389	3151
2099	3152
5024	3153
1122	3154
4	3155
3700	3156
8793	3157
2380	3158
6789	3159
1103	3160
6193	3161
6592	3162
6901	3163
2557	3164
1209	3165
8498	3166
7601	3167
4211	3168
5804	3169
490	3170
8171	3171
2322	3172
3763	3173
1599	3174
4950	3175
7150	3176
6356	3177
5019	3178
5855	3179
3036	3180
254	3181
85	3182
3971	3183
5738	3184
613	3185
3859	3186
4835	3187
8102	3188
3164	3189
8357	3190
5892	3191
2345	3192
7488	3193
7091	3194
1	3195
5525	3196
5587	3197
4470	3198
7238	3199
8118	3200
8138	3201
3413	3202
3706	3203
2601	3204
5766	3205
6	3206
520	3207
5802	3208
1410	3209
5044	3210
6823	3211
6286	3212
2186	3213
24	3214
1973	3215
4855	3216
4280	3217
6090	3218
190	3219
4651	3220
437	3221
108	3222
2530	3223
1855	3224
5398	3225
4981	3226
4860	3227
1824	3228
6339	3229
7412	3230
650	3231
11	3232
5432	3233
492	3234
6	3235
5962	3236
1220	3237
2040	3238
5436	3239
5885	3240
7615	3241
4404	3242
3955	3243
1374	3244
5326	3245
467	3246
7789	3247
45	3248
6299	3249
6746	3250
8719	3251
7957	3252
3790	3253
4572	3254
3656	3255
5997	3256
2208	3257
688	3258
94	3259
334	3260
4482	3261
180	3262
8586	3263
225	3264
4109	3265
6403	3266
4567	3267
10	3268
8686	3269
7102	3270
4337	3271
3018	3272
4705	3273
6737	3274
2937	3275
1	3276
1478	3277
8659	3278
2484	3279
7598	3280
2117	3281
1151	3282
7008	3283
8298	3284
5500	3285
5681	3286
8196	3287
4938	3288
6406	3289
3065	3290
2811	3291
7130	3292
8419	3293
2316	3294
8055	3295
4822	3296
4999	3297
1157	3298
5414	3299
7208	3300
3967	3301
3999	3302
2103	3303
6977	3304
1765	3305
6161	3306
4873	3307
2496	3308
7761	3309
8095	3310
2146	3311
4047	3312
4681	3313
2716	3314
3134	3315
3309	3316
1297	3317
6804	3318
2916	3319
5	3320
1211	3321
4739	3322
547	3323
2838	3324
5583	3325
6232	3326
6969	3327
4456	3328
1394	3329
292	3330
478	3331
7640	3332
1587	3333
2815	3334
5288	3335
336	3336
3547	3337
6707	3338
5901	3339
2344	3340
7140	3341
3248	3342
1116	3343
1041	3344
367	3345
3527	3346
7163	3347
10	3348
8421	3349
6817	3350
5287	3351
4792	3352
1021	3353
4760	3354
4452	3355
2917	3356
401	3357
4118	3358
7	3359
8676	3360
7782	3361
2	3362
18	3363
3970	3364
8924	3365
257	3366
1368	3367
7561	3368
4042	3369
192	3370
8553	3371
5974	3372
6	3373
7743	3374
2867	3375
7533	3376
1922	3377
1025	3378
6959	3379
606	3380
3988	3381
5732	3382
6451	3383
5175	3384
4	3385
3079	3386
6	3387
3040	3388
5927	3389
1792	3390
6102	3391
5118	3392
13	3393
2350	3394
159	3395
2552	3396
154	3397
10	3398
3846	3399
7336	3400
8215	3401
8108	3402
1552	3403
4402	3404
1426	3405
1	3406
479	3407
1914	3408
6993	3409
67	3410
4442	3411
1224	3412
1441	3413
5153	3414
5936	3415
237	3416
4803	3417
7334	3418
5186	3419
6382	3420
7298	3421
8234	3422
2531	3423
2703	3424
384	3425
4772	3426
475	3427
5088	3428
8905	3429
4597	3430
3532	3431
4153	3432
1469	3433
4545	3434
2029	3435
4691	3436
5263	3437
2967	3438
733	3439
860	3440
7071	3441
1154	3442
2879	3443
2354	3444
2573	3445
533	3446
2618	3447
3148	3448
5803	3449
1566	3450
6506	3451
7499	3452
8944	3453
8633	3454
78	3455
6361	3456
5183	3457
8882	3458
7146	3459
2970	3460
6241	3461
4884	3462
7979	3463
3662	3464
5597	3465
4098	3466
1348	3467
4433	3468
60	3469
1995	3470
7710	3471
6246	3472
4037	3473
8405	3474
3778	3475
5501	3476
1732	3477
8104	3478
7446	3479
2238	3480
208	3481
4011	3482
1488	3483
456	3484
2358	3485
6	3486
1152	3487
6576	3488
5595	3489
4033	3490
90	3491
1221	3492
3826	3493
15	3494
104	3495
303	3496
5112	3497
8	3498
4	3499
6218	3500
5903	3501
8883	3502
1036	3503
3265	3504
5571	3505
8533	3506
413	3507
59	3508
1012	3509
7729	3510
4284	3511
1187	3512
5070	3513
1004	3514
8009	3515
1206	3516
6688	3517
417	3518
7899	3519
2593	3520
3022	3521
1458	3522
3	3523
8439	3524
7498	3525
5114	3526
4243	3527
8580	3528
6468	3529
7571	3530
4808	3531
2010	3532
7352	3533
6226	3534
8545	3535
6557	3536
2478	3537
7424	3538
7623	3539
8557	3540
4816	3541
88	3542
6394	3543
6801	3544
3	3545
1809	3546
3145	3547
746	3548
4600	3549
4956	3550
7037	3551
585	3552
3647	3553
349	3554
2951	3555
7986	3556
5926	3557
4320	3558
7777	3559
882	3560
2550	3561
3010	3562
1585	3563
207	3564
4695	3565
3737	3566
8484	3567
3986	3568
5705	3569
7949	3570
8134	3571
3184	3572
1115	3573
20	3574
4733	3575
5865	3576
1003	3577
4693	3578
18	3579
3082	3580
518	3581
6358	3582
6868	3583
3242	3584
7122	3585
3801	3586
7699	3587
4859	3588
8065	3589
1	3590
4283	3591
6104	3592
4823	3593
3261	3594
836	3595
43	3596
1389	3597
4161	3598
8620	3599
5219	3600
47	3601
5967	3602
5116	3603
8860	3604
1322	3605
8208	3606
1468	3607
6808	3608
3937	3609
3819	3610
1803	3611
4660	3612
1632	3613
2931	3614
841	3615
6183	3616
6321	3617
6853	3618
7727	3619
5582	3620
5061	3621
3710	3622
5848	3623
5217	3624
4451	3625
5852	3626
5752	3627
4728	3628
4305	3629
6899	3630
7441	3631
944	3632
6214	3633
7157	3634
7840	3635
6485	3636
3969	3637
2748	3638
87	3639
772	3640
81	3641
4490	3642
6698	3643
6439	3644
2351	3645
2357	3646
6966	3647
8154	3648
4157	3649
7329	3650
2075	3651
2389	3652
3479	3653
7675	3654
4223	3655
17	3656
4584	3657
7031	3658
141	3659
1928	3660
5200	3661
3038	3662
3281	3663
4039	3664
5933	3665
10	3666
5069	3667
8425	3668
2069	3669
8722	3670
4254	3671
5387	3672
7824	3673
2120	3674
2964	3675
4687	3676
7929	3677
3294	3678
8328	3679
5171	3680
7241	3681
1655	3682
5180	3683
4190	3684
2	3685
5473	3686
5487	3687
1392	3688
4596	3689
6442	3690
4680	3691
3551	3692
4443	3693
3832	3694
5474	3695
1687	3696
5894	3697
219	3698
4544	3699
6742	3700
7556	3701
2568	3702
5194	3703
5091	3704
3001	3705
3457	3706
4721	3707
172	3708
1214	3709
2094	3710
110	3711
4152	3712
5111	3713
653	3714
5907	3715
6349	3716
3867	3717
1156	3718
2466	3719
2487	3720
5082	3721
8954	3722
153	3723
3366	3724
8896	3725
526	3726
8936	3727
4729	3728
2372	3729
2052	3730
1953	3731
833	3732
5187	3733
2675	3734
2922	3735
3954	3736
8910	3737
3	3738
2687	3739
4727	3740
2762	3741
7646	3742
408	3743
374	3744
1682	3745
2453	3746
4635	3747
7134	3748
4546	3749
8890	3750
5831	3751
6556	3752
8	3753
7999	3754
7787	3755
8436	3756
4946	3757
7602	3758
8390	3759
6672	3760
6198	3761
4759	3762
5002	3763
32	3764
7393	3765
2505	3766
5195	3767
6883	3768
672	3769
5727	3770
6704	3771
2547	3772
8742	3773
1894	3774
7097	3775
3838	3776
2277	3777
8795	3778
430	3779
4969	3780
71	3781
4252	3782
148	3783
2702	3784
3818	3785
3317	3786
2825	3787
7289	3788
6	3789
2582	3790
5905	3791
1313	3792
102	3793
7573	3794
186	3795
8680	3796
8872	3797
8647	3798
7327	3799
5557	3800
6503	3801
7154	3802
5653	3803
1435	3804
7721	3805
7875	3806
8600	3807
4246	3808
3409	3809
2233	3810
3226	3811
4843	3812
8758	3813
6961	3814
7637	3815
1160	3816
1985	3817
8244	3818
1555	3819
1977	3820
5051	3821
2067	3822
4740	3823
6736	3824
5880	3825
8093	3826
3640	3827
5611	3828
6913	3829
5563	3830
45	3831
6846	3832
8172	3833
5756	3834
5005	3835
1191	3836
3578	3837
4327	3838
1512	3839
1693	3840
2399	3841
5297	3842
139	3843
2864	3844
1359	3845
568	3846
8225	3847
7205	3848
517	3849
2	3850
4302	3851
4944	3852
4625	3853
6043	3854
6659	3855
8979	3856
557	3857
4444	3858
5642	3859
7731	3860
1974	3861
7697	3862
684	3863
2989	3864
6413	3865
7267	3866
6124	3867
6514	3868
8322	3869
7378	3870
21	3871
6392	3872
8711	3873
4590	3874
5480	3875
7	3876
13	3877
3850	3878
3975	3879
5963	3880
7489	3881
2180	3882
1495	3883
3078	3884
1955	3885
3290	3886
6705	3887
7988	3888
673	3889
5650	3890
5337	3891
2872	3892
7366	3893
5775	3894
816	3895
6608	3896
5317	3897
6981	3898
5119	3899
5769	3900
7111	3901
7272	3902
7567	3903
8167	3904
4349	3905
8499	3906
4197	3907
5168	3908
8727	3909
6679	3910
8463	3911
4619	3912
5038	3913
6729	3914
6	3915
2945	3916
5344	3917
5965	3918
5666	3919
2	3920
6655	3921
6463	3922
4887	3923
5648	3924
112	3925
1821	3926
1857	3927
3494	3928
9	3929
8281	3930
3057	3931
21	3932
1243	3933
1722	3934
7531	3935
8523	3936
8889	3937
18	3938
2044	3939
2768	3940
12	3941
273	3942
4	3943
3474	3944
7490	3945
1293	3946
3335	3947
4533	3948
6317	3949
2234	3950
723	3951
4793	3952
8412	3953
5937	3954
4556	3955
44	3956
4257	3957
8311	3958
2863	3959
3003	3960
1896	3961
945	3962
8173	3963
3227	3964
4292	3965
4575	3966
7460	3967
193	3968
3493	3969
876	3970
4540	3971
5832	3972
3864	3973
3420	3974
8403	3975
4143	3976
7579	3977
1712	3978
5834	3979
1141	3980
338	3981
7625	3982
842	3983
7367	3984
8432	3985
4588	3986
4222	3987
2823	3988
3245	3989
5594	3990
736	3991
1719	3992
8750	3993
6681	3994
2369	3995
4419	3996
7668	3997
5016	3998
5942	3999
2588	4000
513	4001
5315	4002
4434	4003
995	4004
7	4005
5159	4006
4538	4007
8388	4008
5867	4009
9	4010
3008	4011
7967	4012
33	4013
4817	4014
2656	4015
7302	4016
16	4017
7746	4018
7671	4019
8702	4020
8139	4021
3	4022
3209	4023
1421	4024
292	4025
2621	4026
6771	4027
8179	4028
5477	4029
1636	4030
150	4031
14	4032
4141	4033
6996	4034
6725	4035
8899	4036
8060	4037
6511	4038
2424	4039
6148	4040
5238	4041
6164	4042
4895	4043
129	4044
3119	4045
8039	4046
2071	4047
5028	4048
1149	4049
2779	4050
8069	4051
315	4052
2457	4053
2751	4054
794	4055
8177	4056
1304	4057
2910	4058
742	4059
6277	4060
1330	4061
339	4062
8125	4063
8297	4064
8112	4065
1335	4066
8715	4067
5417	4068
3307	4069
2353	4070
7368	4071
271	4072
2227	4073
3222	4074
1425	4075
40	4076
6778	4077
2275	4078
11	4079
28	4080
3224	4081
48	4082
5697	4083
41	4084
7136	4085
7192	4086
1800	4087
2534	4088
4036	4089
3923	4090
2102	4091
295	4092
5306	4093
2176	4094
109	4095
6619	4096
587	4097
3733	4098
286	4099
7447	4100
1752	4101
2408	4102
1351	4103
11	4104
4364	4105
2385	4106
8873	4107
2006	4108
6	4109
7597	4110
6588	4111
8625	4112
1494	4113
5891	4114
7340	4115
7825	4116
7830	4117
3833	4118
4749	4119
5	4120
3165	4121
6936	4122
3979	4123
4328	4124
8207	4125
165	4126
1868	4127
7884	4128
5646	4129
4476	4130
271	4131
1472	4132
2209	4133
6418	4134
7738	4135
355	4136
1749	4137
871	4138
289	4139
6791	4140
166	4141
8294	4142
2306	4143
8551	4144
6867	4145
7557	4146
1570	4147
2300	4148
4071	4149
4923	4150
1908	4151
3544	4152
265	4153
1171	4154
326	4155
763	4156
1006	4157
3220	4158
3155	4159
661	4160
284	4161
2789	4162
2787	4163
3653	4164
3098	4165
187	4166
6636	4167
1916	4168
878	4169
2974	4170
2435	4171
2254	4172
4032	4173
2733	4174
4620	4175
8	4176
7977	4177
8420	4178
5224	4179
5246	4180
1261	4181
3549	4182
4928	4183
5092	4184
1142	4185
14	4186
2999	4187
2500	4188
3486	4189
3126	4190
1400	4191
999	4192
2467	4193
8158	4194
8182	4195
6604	4196
228	4197
4471	4198
2583	4199
34	4200
2315	4201
1988	4202
1091	4203
8723	4204
4350	4205
234	4206
4980	4207
1721	4208
1675	4209
843	4210
1615	4211
2830	4212
251	4213
15	4214
1170	4215
2223	4216
1127	4217
3171	4218
3569	4219
8160	4220
1517	4221
2577	4222
6174	4223
6593	4224
300	4225
16	4226
844	4227
399	4228
2332	4229
4	4230
7010	4231
4881	4232
6764	4233
3462	4234
7980	4235
3310	4236
2845	4237
4711	4238
5917	4239
4979	4240
7720	4241
51	4242
2535	4243
8907	4244
3905	4245
6719	4246
649	4247
2615	4248
27	4249
29	4250
6627	4251
6756	4252
372	4253
609	4254
1739	4255
6876	4256
8752	4257
6335	4258
7215	4259
3196	4260
316	4261
6673	4262
2007	4263
8387	4264
5689	4265
34	4266
6531	4267
5765	4268
7748	4269
4564	4270
1519	4271
439	4272
3093	4273
7322	4274
4562	4275
4576	4276
30	4277
3430	4278
960	4279
6793	4280
5131	4281
8536	4282
7351	4283
4767	4284
3478	4285
2290	4286
220	4287
94	4288
6409	4289
168	4290
5708	4291
789	4292
8777	4293
7148	4294
5435	4295
5449	4296
5000	4297
223	4298
7543	4299
4472	4300
1283	4301
3231	4302
4205	4303
4126	4304
6113	4305
7080	4306
8566	4307
4903	4308
2232	4309
6295	4310
560	4311
4194	4312
5156	4313
1597	4314
6516	4315
8097	4316
1602	4317
1801	4318
8327	4319
6259	4320
8404	4321
1621	4322
990	4323
7085	4324
1229	4325
4390	4326
3185	4327
7843	4328
8359	4329
2217	4330
8638	4331
3669	4332
5262	4333
189	4334
3767	4335
994	4336
6915	4337
5310	4338
1473	4339
4416	4340
2510	4341
4137	4342
294	4343
28	4344
7200	4345
3607	4346
2055	4347
4135	4348
1072	4349
5212	4350
4990	4351
1754	4352
6454	4353
8744	4354
7032	4355
793	4356
8898	4357
5378	4358
1496	4359
7121	4360
6928	4361
7851	4362
3507	4363
10	4364
2130	4365
425	4366
6069	4367
4369	4368
1714	4369
460	4370
8704	4371
7415	4372
2966	4373
8675	4374
32	4375
159	4376
3948	4377
3745	4378
2572	4379
3086	4380
758	4381
5049	4382
1863	4383
8705	4384
3891	4385
8407	4386
4553	4387
5280	4388
6979	4389
4850	4390
6300	4391
1666	4392
7838	4393
6290	4394
5347	4395
5275	4396
4	4397
6322	4398
5039	4399
7358	4400
6477	4401
4465	4402
2898	4403
3278	4404
3990	4405
3591	4406
5882	4407
3953	4408
559	4409
5771	4410
2125	4411
6943	4412
5023	4413
5813	4414
8782	4415
2895	4416
5226	4417
2921	4418
2036	4419
8	4420
869	4421
3441	4422
5504	4423
123	4424
8438	4425
5291	4426
1119	4427
5209	4428
627	4429
8	4430
3773	4431
4669	4432
3506	4433
5402	4434
8720	4435
5204	4436
7244	4437
7784	4438
4289	4439
5106	4440
8595	4441
8657	4442
8038	4443
2008	4444
5319	4445
6838	4446
6377	4447
6157	4448
5298	4449
5469	4450
2056	4451
7145	4452
4641	4453
166	4454
5230	4455
1166	4456
1169	4457
1153	4458
5096	4459
3992	4460
1826	4461
976	4462
5706	4463
4761	4464
1567	4465
5945	4466
5863	4467
2206	4468
6336	4469
8126	4470
2309	4471
1373	4472
1741	4473
2278	4474
2437	4475
2689	4476
8427	4477
165	4478
2893	4479
1018	4480
2215	4481
7764	4482
3063	4483
6038	4484
2579	4485
3005	4486
3127	4487
1104	4488
4742	4489
6216	4490
223	4491
4	4492
7635	4493
1054	4494
1248	4495
133	4496
5609	4497
301	4498
8853	4499
2147	4500
1341	4501
5055	4502
3742	4503
7849	4504
3080	4505
3013	4506
6925	4507
20	4508
5537	4509
5546	4510
4208	4511
8213	4512
3945	4513
91	4514
195	4515
1	4516
6255	4517
7364	4518
7965	4519
2171	4520
1987	4521
14	4522
7850	4523
4234	4524
3641	4525
19	4526
8539	4527
7209	4528
7180	4529
631	4530
4346	4531
419	4532
8841	4533
4743	4534
3620	4535
428	4536
4788	4537
76	4538
2888	4539
7479	4540
6466	4541
2199	4542
3645	4543
1884	4544
91	4545
8036	4546
4	4547
8346	4548
2887	4549
5690	4550
156	4551
2798	4552
5890	4553
7775	4554
11	4555
7978	4556
6135	4557
272	4558
2140	4559
4569	4560
2179	4561
444	4562
3575	4563
3540	4564
7292	4565
8044	4566
8862	4567
4215	4568
7522	4569
4898	4570
8674	4571
1	4572
3913	4573
1462	4574
2221	4575
3701	4576
3899	4577
1	4578
4253	4579
1173	4580
5447	4581
8731	4582
24	4583
3484	4584
6390	4585
119	4586
8448	4587
6896	4588
335	4589
1203	4590
554	4591
895	4592
3723	4593
7739	4594
170	4595
3125	4596
5258	4597
5517	4598
7900	4599
5679	4600
2317	4601
5836	4602
7022	4603
2	4604
5141	4605
6319	4606
8810	4607
8274	4608
3943	4609
8414	4610
7927	4611
8820	4612
7011	4613
7072	4614
6187	4615
5162	4616
3101	4617
8897	4618
6348	4619
47	4620
1	4621
10	4622
3537	4623
5125	4624
7423	4625
2524	4626
455	4627
8588	4628
8030	4629
5503	4630
1461	4631
6717	4632
7383	4633
4097	4634
4535	4635
4219	4636
5605	4637
5669	4638
1768	4639
6598	4640
185	4641
7039	4642
4487	4643
7337	4644
4381	4645
1047	4646
7	4647
6333	4648
8619	4649
747	4650
678	4651
934	4652
5493	4653
8429	4654
443	4655
6211	4656
4527	4657
4167	4658
172	4659
20	4660
7297	4661
3935	4662
8381	4663
1384	4664
22	4665
5369	4666
16	4667
3995	4668
3471	4669
228	4670
2109	4671
1	4672
6886	4673
1623	4674
2876	4675
1376	4676
2566	4677
6938	4678
7795	4679
6856	4680
5716	4681
962	4682
1436	4683
4397	4684
3392	4685
2511	4686
2976	4687
4534	4688
5139	4689
4962	4690
4207	4691
7452	4692
6401	4693
7117	4694
83	4695
5215	4696
15	4697
504	4698
3118	4699
5443	4700
7712	4701
7353	4702
7855	4703
4976	4704
163	4705
4765	4706
3609	4707
3545	4708
7269	4709
4964	4710
3447	4711
2228	4712
95	4713
8384	4714
1885	4715
1326	4716
5	4717
537	4718
8952	4719
6287	4720
4002	4721
2336	4722
7224	4723
6068	4724
15	4725
24	4726
6952	4727
7347	4728
3343	4729
7407	4730
1492	4731
146	4732
3382	4733
8845	4734
632	4735
996	4736
584	4737
5701	4738
6702	4739
3485	4740
3658	4741
3116	4742
8962	4743
4	4744
1298	4745
8023	4746
620	4747
2622	4748
927	4749
5511	4750
104	4751
823	4752
330	4753
8350	4754
5684	4755
5670	4756
312	4757
3206	4758
2005	4759
2780	4760
53	4761
2235	4762
12	4763
304	4764
1553	4765
263	4766
8	4767
1515	4768
6984	4769
2388	4770
7778	4771
385	4772
4344	4773
6577	4774
4730	4775
4602	4776
6671	4777
509	4778
9	4779
32	4780
7572	4781
6460	4782
5467	4783
4914	4784
80	4785
8456	4786
4662	4787
8712	4788
3731	4789
3736	4790
335	4791
431	4792
8470	4793
6618	4794
1097	4795
1789	4796
6060	4797
6197	4798
4038	4799
3965	4800
6078	4801
7537	4802
3179	4803
199	4804
7872	4805
5761	4806
8248	4807
283	4808
1952	4809
2725	4810
6320	4811
3698	4812
5532	4813
2666	4814
5996	4815
3023	4816
8592	4817
6	4818
902	4819
4994	4820
7288	4821
4779	4822
5102	4823
253	4824
965	4825
4667	4826
2831	4827
911	4828
2152	4829
6865	4830
337	4831
5053	4832
5397	4833
5938	4834
5620	4835
8360	4836
2607	4837
8618	4838
6369	4839
5042	4840
1582	4841
7167	4842
6350	4843
607	4844
1311	4845
4184	4846
2150	4847
3405	4848
2059	4849
2387	4850
5064	4851
1117	4852
7453	4853
2706	4854
4173	4855
6595	4856
100	4857
1352	4858
4128	4859
7082	4860
6830	4861
5100	4862
100	4863
6289	4864
4256	4865
1090	4866
7304	4867
8224	4868
3371	4869
3338	4870
886	4871
2852	4872
3436	4873
2378	4874
5211	4875
8956	4876
100	4877
6079	4878
5247	4879
96	4880
8934	4881
3391	4882
4464	4883
3567	4884
4386	4885
2979	4886
3557	4887
3982	4888
2927	4889
2877	4890
4268	4891
3791	4892
8	4893
2285	4894
1037	4895
6180	4896
8792	4897
2034	4898
2782	4899
2709	4900
6517	4901
2448	4902
7503	4903
647	4904
2539	4905
264	4906
6505	4907
95	4908
8909	4909
2049	4910
154	4911
1301	4912
5266	4913
3090	4914
8734	4915
577	4916
3176	4917
8269	4918
644	4919
5644	4920
633	4921
5257	4922
10	4923
7650	4924
6297	4925
3770	4926
5316	4927
5514	4928
12	4929
8626	4930
3183	4931
8884	4932
12	4933
6316	4934
5420	4935
925	4936
6999	4937
5578	4938
5881	4939
6	4940
4506	4941
815	4942
5354	4943
6414	4944
5569	4945
8772	4946
8760	4947
7050	4948
8751	4949
677	4950
4975	4951
3789	4952
7629	4953
4035	4954
5720	4955
6378	4956
4387	4957
2226	4958
5026	4959
5809	4960
5781	4961
7718	4962
445	4963
5496	4964
5065	4965
1264	4966
3077	4967
2870	4968
3067	4969
4411	4970
1584	4971
873	4972
7024	4973
1504	4974
6402	4975
1818	4976
1631	4977
4897	4978
3443	4979
4582	4980
7442	4981
3473	4982
6502	4983
352	4984
984	4985
9	4986
2497	4987
2088	4988
1069	4989
2	4990
1820	4991
2012	4992
2096	4993
470	4994
658	4995
1983	4996
6222	4997
98	4998
1316	4999
4356	5000
5822	5001
8028	5002
345	5003
4391	5004
5282	5005
2538	5006
8	5007
77	5008
2730	5009
3960	5010
4901	5011
8121	5012
14	5013
5859	5014
6	5015
5293	5016
1919	5017
50	5018
3525	5019
2705	5020
8099	5021
7757	5022
5770	5023
6530	5024
3146	5025
1786	5026
4866	5027
7852	5028
6940	5029
3243	5030
1236	5031
3817	5032
279	5033
8019	5034
3753	5035
173	5036
1640	5037
1557	5038
164	5039
4158	5040
96	5041
3972	5042
8664	5043
6422	5044
8581	5045
6386	5046
8848	5047
6559	5048
3100	5049
7848	5050
5555	5051
7251	5052
6354	5053
7505	5054
7742	5055
1079	5056
2504	5057
3	5058
3170	5059
1707	5060
2993	5061
7570	5062
7831	5063
980	5064
1912	5065
1	5066
205	5067
19	5068
7871	5069
5736	5070
2616	5071
2875	5072
73	5073
4706	5074
3438	5075
2065	5076
2988	5077
7897	5078
2795	5079
8289	5080
5549	5081
6802	5082
42	5083
6181	5084
216	5085
1507	5086
5	5087
5835	5088
2957	5089
1056	5090
4526	5091
4014	5092
7481	5093
5056	5094
8814	5095
2198	5096
6055	5097
8413	5098
9	5099
8689	5100
6473	5101
6	5102
4192	5103
409	5104
4869	5105
8610	5106
7565	5107
1296	5108
5001	5109
3388	5110
5351	5111
8321	5112
5929	5113
2045	5114
1509	5115
2444	5116
3	5117
3646	5118
53	5119
4463	5120
294	5121
3083	5122
1406	5123
963	5124
602	5125
1510	5126
2732	5127
4371	5128
5345	5129
4754	5130
4524	5131
6960	5132
6761	5133
2575	5134
286	5135
704	5136
320	5137
5753	5138
4469	5139
145	5140
7330	5141
31	5142
4806	5143
481	5144
4867	5145
3704	5146
8919	5147
7009	5148
2574	5149
5614	5150
8474	5151
8308	5152
1697	5153
1382	5154
8555	5155
11	5156
2145	5157
2512	5158
5251	5159
4247	5160
8084	5161
2330	5162
5305	5163
8981	5164
7881	5165
8376	5166
6697	5167
1302	5168
7312	5169
182	5170
3594	5171
1014	5172
8399	5173
3059	5174
7911	5175
3654	5176
46	5177
79	5178
14	5179
6596	5180
8477	5181
5145	5182
2578	5183
3563	5184
1332	5185
7316	5186
5213	5187
285	5188
1608	5189
7397	5190
6399	5191
3611	5192
7828	5193
753	5194
7181	5195
1531	5196
2817	5197
2026	5198
1476	5199
2818	5200
5758	5201
2089	5202
5975	5203
1508	5204
8826	5205
14	5206
8239	5207
7669	5208
1048	5209
6880	5210
1762	5211
8394	5212
5355	5213
4650	5214
1093	5215
7544	5216
5240	5217
3321	5218
5404	5219
5534	5220
8769	5221
7898	5222
7983	5223
3075	5224
2256	5225
8985	5226
6	5227
9	5228
8530	5229
4659	5230
25	5231
1254	5232
46	5233
3595	5234
24	5235
1676	5236
1366	5237
3440	5238
8976	5239
3439	5240
6122	5241
1738	5242
8155	5243
6427	5244
1388	5245
5120	5246
4861	5247
7174	5248
5197	5249
1276	5250
2	5251
6937	5252
2	5253
194	5254
5434	5255
1650	5256
8926	5257
38	5258
3	5259
8190	5260
1625	5261
192	5262
3289	5263
7357	5264
8639	5265
2680	5266
4910	5267
330	5268
2894	5269
4405	5270
8819	5271
93	5272
2281	5273
4974	5274
472	5275
351	5276
5556	5277
1194	5278
234	5279
1962	5280
4726	5281
7275	5282
3	5283
16	5284
7155	5285
3351	5286
3847	5287
6797	5288
7392	5289
218	5290
5409	5291
3	5292
7468	5293
3632	5294
6013	5295
2696	5296
5740	5297
4407	5298
4752	5299
3771	5300
107	5301
6568	5302
25	5303
5577	5304
6363	5305
6030	5306
2139	5307
861	5308
4005	5309
346	5310
8941	5311
7711	5312
77	5313
8186	5314
3060	5315
1447	5316
3581	5317
523	5318
3360	5319
6227	5320
3009	5321
1861	5322
232	5323
2792	5324
7019	5325
948	5326
4024	5327
7318	5328
1876	5329
23	5330
4830	5331
7	5332
4615	5333
3253	5334
7256	5335
6760	5336
6408	5337
9	5338
558	5339
5940	5340
5	5341
3427	5342
12	5343
6008	5344
6614	5345
7962	5346
7328	5347
8201	5348
4902	5349
813	5350
6058	5351
6189	5352
506	5353
1005	5354
3459	5355
73	5356
204	5357
57	5358
4193	5359
8503	5360
6032	5361
2694	5362
6745	5363
305	5364
1776	5365
2042	5366
7257	5367
8100	5368
8270	5369
3488	5370
8984	5371
93	5372
398	5373
1039	5374
146	5375
5009	5376
5137	5377
5104	5378
15	5379
342	5380
11	5381
4836	5382
5814	5383
7158	5384
4571	5385
6435	5386
1746	5387
8800	5388
7486	5389
904	5390
6147	5391
6907	5392
7859	5393
7	5394
278	5395
36	5396
282	5397
36	5398
3163	5399
4679	5400
8071	5401
4547	5402
8035	5403
8969	5404
2820	5405
5374	5406
6488	5407
1360	5408
1756	5409
5699	5410
31	5411
8821	5412
7494	5413
1	5414
3219	5415
3813	5416
4412	5417
7	5418
5923	5419
8833	5420
4831	5421
5818	5422
8122	5423
7613	5424
2587	5425
10	5426
4123	5427
3402	5428
2269	5429
586	5430
4648	5431
6035	5432
6186	5433
6	5434
291	5435
5225	5436
1270	5437
6956	5438
8546	5439
7901	5440
4580	5441
7935	5442
6	5443
6096	5444
4906	5445
296	5446
7753	5447
5147	5448
811	5449
102	5450
4536	5451
5987	5452
1423	5453
4638	5454
6103	5455
5472	5456
4561	5457
9	5458
6653	5459
5032	5460
6465	5461
7214	5462
1408	5463
5827	5464
4782	5465
7038	5466
6534	5467
6178	5468
1981	5469
4195	5470
3	5471
1670	5472
1424	5473
8130	5474
4732	5475
4468	5476
2392	5477
5558	5478
7287	5479
5303	5480
8348	5481
956	5482
5788	5483
1923	5484
1781	5485
8233	5486
5654	5487
3406	5488
3929	5489
373	5490
2341	5491
261	5492
2395	5493
4713	5494
6487	5495
4315	5496
8904	5497
3934	5498
10	5499
8015	5500
6475	5501
3928	5502
12	5503
6044	5504
3105	5505
3347	5506
7	5507
2729	5508
3333	5509
135	5510
6100	5511
6786	5512
4489	5513
7594	5514
7375	5515
4218	5516
1802	5517
562	5518
24	5519
7932	5520
2267	5521
7709	5522
6922	5523
7240	5524
198	5525
8677	5526
951	5527
1898	5528
6438	5529
42	5530
3186	5531
3336	5532
6641	5533
201	5534
55	5535
4015	5536
718	5537
8383	5538
5423	5539
8268	5540
4973	5541
8163	5542
3824	5543
262	5544
107	5545
3936	5546
239	5547
7780	5548
2755	5549
4900	5550
8548	5551
3570	5552
8101	5553
5748	5554
214	5555
4188	5556
1892	5557
682	5558
2003	5559
2326	5560
4095	5561
7593	5562
2652	5563
114	5564
1188	5565
6657	5566
2774	5567
6968	5568
3644	5569
8454	5570
4388	5571
110	5572
6129	5573
7284	5574
929	5575
1040	5576
5630	5577
1619	5578
31	5579
136	5580
3941	5581
24	5582
49	5583
8622	5584
991	5585
6425	5586
6393	5587
8391	5588
420	5589
480	5590
6471	5591
8180	5592
8988	5593
1773	5594
1407	5595
9	5596
6202	5597
4445	5598
7245	5599
5725	5600
3950	5601
2807	5602
3352	5603
2239	5604
8870	5605
7057	5606
1751	5607
236	5608
1976	5609
7681	5610
1843	5611
8276	5612
3262	5613
5098	5614
4389	5615
4025	5616
2098	5617
8202	5618
2301	5619
1838	5620
4418	5621
2371	5622
5623	5623
7115	5624
6606	5625
3638	5626
5	5627
1	5628
933	5629
115	5630
1724	5631
3398	5632
3998	5633
5392	5634
5521	5635
6301	5636
4145	5637
4675	5638
6059	5639
5364	5640
5086	5641
3256	5642
1259	5643
18	5644
7492	5645
6584	5646
259	5647
2936	5648
22	5649
3660	5650
3103	5651
3498	5652
4978	5653
7796	5654
8537	5655
3	5656
17	5657
8458	5658
7747	5659
4702	5660
4319	5661
8459	5662
7839	5663
1	5664
7	5665
1371	5666
7354	5667
7023	5668
4288	5669
1265	5670
5154	5671
5567	5672
5536	5673
4422	5674
2853	5675
7314	5676
2	5677
2640	5678
7	5679
4704	5680
1680	5681
1077	5682
5461	5683
1275	5684
1044	5685
5066	5686
5900	5687
8797	5688
412	5689
3131	5690
7910	5691
6515	5692
3776	5693
3480	5694
92	5695
669	5696
7563	5697
112	5698
8409	5699
7279	5700
6173	5701
8468	5702
185	5703
3495	5704
4685	5705
2648	5706
3205	5707
1716	5708
7733	5709
1723	5710
6622	5711
2794	5712
7166	5713
3725	5714
4954	5715
909	5716
8411	5717
7430	5718
48	5719
6	5720
3949	5721
70	5722
8724	5723
2672	5724
4003	5725
4030	5726
7951	5727
6639	5728
5580	5729
6552	5730
975	5731
26	5732
7766	5733
1563	5734
434	5735
2824	5736
7471	5737
8973	5738
6833	5739
8721	5740
636	5741
1065	5742
9	5743
4710	5744
7247	5745
3782	5746
8849	5747
2799	5748
3173	5749
8879	5750
7373	5751
4170	5752
2092	5753
2546	5754
6117	5755
217	5756
1246	5757
1799	5758
4632	5759
2363	5760
5746	5761
1638	5762
1162	5763
1906	5764
4340	5765
5485	5766
6555	5767
3247	5768
307	5769
3178	5770
7435	5771
6545	5772
5713	5773
326	5774
7161	5775
3504	5776
958	5777
7555	5778
1877	5779
1175	5780
7583	5781
103	5782
5	5783
5560	5784
2857	5785
706	5786
5902	5787
6607	5788
3358	5789
2173	5790
8253	5791
1096	5792
8203	5793
3583	5794
7691	5795
4019	5796
7948	5797
3102	5798
7797	5799
5785	5800
818	5801
6890	5802
2436	5803
6851	5804
102	5805
2154	5806
7693	5807
1074	5808
1862	5809
3649	5810
824	5811
7577	5812
4774	5813
8096	5814
5573	5815
8137	5816
3286	5817
6897	5818
2828	5819
3202	5820
3039	5821
893	5822
53	5823
5126	5824
6225	5825
269	5826
1753	5827
4477	5828
1480	5829
120	5830
11	5831
7226	5832
7076	5833
3128	5834
686	5835
4505	5836
5399	5837
2713	5838
5054	5839
2533	5840
7592	5841
1930	5842
519	5843
7258	5844
2425	5845
1984	5846
512	5847
7820	5848
1522	5849
1925	5850
33	5851
6849	5852
8842	5853
11	5854
177	5855
5553	5856
7465	5857
792	5858
4	5859
6150	5860
407	5861
1095	5862
8001	5863
3158	5864
7458	5865
502	5866
8033	5867
466	5868
6288	5869
6398	5870
5	5871
1561	5872
5543	5873
2	5874
3926	5875
258	5876
5841	5877
3552	5878
3499	5879
4934	5880
1727	5881
1963	5882
6298	5883
6740	5884
7639	5885
6491	5886
3463	5887
2331	5888
1589	5889
316	5890
6693	5891
3542	5892
6143	5893
4154	5894
5408	5895
16	5896
2076	5897
2881	5898
859	5899
3492	5900
7652	5901
1238	5902
323	5903
7770	5904
5851	5905
4281	5906
3672	5907
8690	5908
1889	5909
5978	5910
5784	5911
7113	5912
139	5913
8892	5914
4362	5915
5604	5916
6497	5917
708	5918
2219	5919
536	5920
1140	5921
1498	5922
193	5923
4009	5924
7808	5925
7112	5926
5072	5927
3372	5928
2805	5929
2338	5930
8029	5931
3334	5932
510	5933
4	5934
858	5935
1164	5936
3330	5937
8450	5938
6421	5939
6558	5940
8106	5941
4175	5942
6467	5943
3509	5944
849	5945
5018	5946
867	5947
1806	5948
37	5949
8912	5950
5388	5951
3042	5952
2283	5953
743	5954
1856	5955
1244	5956
959	5957
8013	5958
1268	5959
2085	5960
13	5961
2962	5962
2070	5963
310	5964
101	5965
2715	5966
183	5967
5422	5968
6120	5969
2759	5970
4290	5971
3401	5972
2421	5973
2649	5974
6871	5975
9	5976
7686	5977
61	5978
5585	5979
7012	5980
1380	5981
4718	5982
940	5983
3489	5984
7496	5985
3011	5986
3705	5987
8395	5988
6926	5989
2619	5990
3798	5991
1733	5992
20	5993
5749	5994
5193	5995
10	5996
99	5997
780	5998
3550	5999
1611	6000
4467	6001
2282	6002
2650	6003
2393	6004
7110	6005
6567	6006
2477	6007
1577	6008
887	6009
4229	6010
900	6011
122	6012
4363	6013
4798	6014
5124	6015
285	6016
6239	6017
4414	6018
4375	6019
432	6020
7201	6021
1277	6022
5012	6023
8255	6024
2289	6025
6	6026
4165	6027
91	6028
7546	6029
3043	6030
5970	6031
3151	6032
7480	6033
4776	6034
8153	6035
7068	6036
138	6037
450	6038
60	6039
8863	6040
8480	6041
891	6042
3211	6043
776	6044
5144	6045
5394	6046
128	6047
1411	6048
6633	6049
7837	6050
7421	6051
23	6052
17	6053
8628	6054
2544	6055
7972	6056
1	6057
4185	6058
6544	6059
3425	6060
5870	6061
7422	6062
1398	6063
3713	6064
52	6065
8519	6066
1994	6067
2417	6068
4266	6069
3688	6070
6590	6071
3435	6072
4260	6073
2883	6074
6387	6075
4	6076
42	6077
4461	6078
3111	6079
1965	6080
2653	6081
6572	6082
5390	6083
2292	6084
8561	6085
7620	6086
6184	6087
7197	6088
8486	6089
8431	6090
6930	6091
2592	6092
1533	6093
7485	6094
6739	6095
921	6096
204	6097
3592	6098
7798	6099
1064	6100
2420	6101
8754	6102
8961	6103
866	6104
7680	6105
1481	6106
1	6107
2302	6108
5610	6109
5248	6110
8945	6111
5216	6112
8986	6113
5330	6114
3946	6115
7476	6116
3	6117
783	6118
1737	6119
2765	6120
773	6121
6169	6122
6815	6123
7930	6124
4480	6125
7536	6126
1052	6127
5745	6128
1207	6129
8466	6130
2015	6131
2681	6132
4100	6133
1345	6134
6879	6135
179	6136
134	6137
2585	6138
6447	6139
3895	6140
7518	6141
3399	6142
8319	6143
2295	6144
961	6145
741	6146
1637	6147
83	6148
83	6149
72	6150
3285	6151
7939	6152
8232	6153
3345	6154
5958	6155
4958	6156
1295	6157
6885	6158
883	6159
5826	6160
8623	6161
4874	6162
6159	6163
1613	6164
17	6165
8364	6166
4753	6167
306	6168
3907	6169
2908	6170
3204	6171
596	6172
11	6173
226	6174
6074	6175
403	6176
380	6177
881	6178
8016	6179
2022	6180
7493	6181
6951	6182
4636	6183
5276	6184
6646	6185
6712	6186
1656	6187
133	6188
84	6189
3927	6190
41	6191
3933	6192
5995	6193
4339	6194
4985	6195
8246	6196
7892	6197
5059	6198
3866	6199
3041	6200
1607	6201
2244	6202
4020	6203
665	6204
8930	6205
1369	6206
1978	6207
3883	6208
4410	6209
6254	6210
8576	6211
6003	6212
3674	6213
7970	6214
4922	6215
356	6216
6420	6217
4012	6218
928	6219
6415	6220
4338	6221
7816	6222
8408	6223
4116	6224
8740	6225
2126	6226
5237	6227
5207	6228
1319	6229
6493	6230
1902	6231
4993	6232
7934	6233
2312	6234
1646	6235
1750	6236
2495	6237
8164	6238
8368	6239
6730	6240
6766	6241
2321	6242
2362	6243
7657	6244
1155	6245
177	6246
1954	6247
2083	6248
3734	6249
3109	6250
2972	6251
2352	6252
302	6253
3761	6254
248	6255
7725	6256
5202	6257
4134	6258
1	6259
3805	6260
4007	6261
2698	6262
755	6263
3357	6264
8535	6265
832	6266
4113	6267
8532	6268
241	6269
1063	6270
6070	6271
487	6272
5570	6273
3652	6274
196	6275
2613	6276
2483	6277
52	6278
3853	6279
1225	6280
7263	6281
8963	6282
6195	6283
614	6284
8241	6285
4277	6286
5817	6287
3538	6288
700	6289
8763	6290
2708	6291
87	6292
2766	6293
1525	6294
7143	6295
81	6296
299	6297
4298	6298
62	6299
765	6300
1935	6301
6494	6302
7642	6303
3482	6304
2414	6305
6262	6306
5324	6307
3597	6308
2328	6309
2307	6310
8064	6311
1867	6312
1282	6313
6027	6314
5800	6315
1763	6316
916	6317
3058	6318
181	6319
1399	6320
2149	6321
8323	6322
2827	6323
7	6324
7291	6325
7807	6326
8844	6327
4963	6328
6152	6329
6459	6330
5621	6331
8131	6332
6747	6333
2837	6334
4150	6335
7569	6336
6637	6337
1434	6338
6807	6339
8103	6340
2846	6341
8828	6342
4004	6343
350	6344
555	6345
4258	6346
6331	6347
7472	6348
7946	6349
4347	6350
17	6351
575	6352
2464	6353
454	6354
2657	6355
1874	6356
1403	6357
7827	6358
6433	6359
3974	6360
2261	6361
1100	6362
4146	6363
7001	6364
250	6365
2110	6366
4744	6367
1644	6368
5314	6369
4717	6370
3685	6371
343	6372
6007	6373
6224	6374
6935	6375
13	6376
7096	6377
1401	6378
305	6379
1493	6380
3270	6381
1455	6382
6051	6383
4486	6384
400	6385
2129	6386
3718	6387
50	6388
3048	6389
6338	6390
8547	6391
4224	6392
8966	6393
4231	6394
8262	6395
6919	6396
240	6397
235	6398
8790	6399
24	6400
1028	6401
8708	6402
5857	6403
5365	6404
2461	6405
2159	6406
5976	6407
6229	6408
8543	6409
5879	6410
7061	6411
1347	6412
4494	6413
6489	6414
6971	6415
28	6416
874	6417
2629	6418
4865	6419
2272	6420
274	6421
4373	6422
8343	6423
6326	6424
4059	6425
6881	6426
3886	6427
8565	6428
16	6429
418	6430
7313	6431
8249	6432
885	6433
41	6434
8572	6435
6207	6436
8888	6437
2121	6438
93	6439
6088	6440
6238	6441
5084	6442
5424	6443
266	6444
66	6445
3528	6446
3120	6447
5712	6448
3741	6449
5486	6450
4162	6451
6803	6452
8334	6453
8345	6454
6884	6455
2158	6456
348	6457
1	6458
553	6459
1609	6460
2609	6461
8781	6462
8549	6463
6163	6464
2218	6465
1968	6466
473	6467
2260	6468
3314	6469
3416	6470
7077	6471
1272	6472
363	6473
2720	6474
6017	6475
6376	6476
6076	6477
98	6478
8335	6479
8913	6480
7195	6481
531	6482
6796	6483
290	6484
31	6485
7998	6486
155	6487
8948	6488
3924	6489
49	6490
2963	6491
825	6492
65	6493
6033	6494
2990	6495
132	6496
2537	6497
5250	6498
4010	6499
11	6500
2754	6501
3851	6502
7585	6503
580	6504
1849	6505
3428	6506
30	6507
8864	6508
7229	6509
1769	6510
2077	6511
3852	6512
2164	6513
4	6514
7216	6515
7405	6516
4220	6517
3756	6518
3553	6519
4271	6520
7608	6521
7719	6522
86	6523
1020	6524
1573	6525
324	6526
1055	6527
7343	6528
3166	6529
4878	6530
6677	6531
202	6532
7109	6533
7701	6534
1266	6535
5943	6536
2995	6537
3419	6538
2455	6539
4768	6540
3216	6541
2536	6542
7344	6543
2874	6544
5554	6545
6097	6546
17	6547
4618	6548
6357	6549
3566	6550
2470	6551
6605	6552
2454	6553
1991	6554
3298	6555
6986	6556
1689	6557
2090	6558
3275	6559
1513	6560
2252	6561
1888	6562
5254	6563
6437	6564
7526	6565
2288	6566
17	6567
6836	6568
6650	6569
1463	6570
8933	6571
1174	6572
534	6573
2826	6574
4795	6575
7260	6576
759	6577
5838	6578
5751	6579
5103	6580
3621	6581
201	6582
5730	6583
5057	6584
7413	6585
8755	6586
5711	6587
8007	6588
27	6589
7406	6590
7299	6591
6643	6592
4530	6593
12	6594
4394	6595
5896	6596
8747	6597
6220	6598
6154	6599
6201	6600
7959	6601
8197	6602
7993	6603
3207	6604
5336	6605
68	6606
5979	6607
62	6608
2677	6609
7088	6610
7996	6611
14	6612
8671	6613
7950	6614
4825	6615
1827	6616
4502	6617
24	6618
6208	6619
3768	6620
3793	6621
7813	6622
4121	6623
4893	6624
4431	6625
6177	6626
2416	6627
4933	6628
8827	6629
8646	6630
3673	6631
7217	6632
3368	6633
6340	6634
32	6635
1686	6636
13	6637
241	6638
5304	6639
2663	6640
3385	6641
5325	6642
3951	6643
3804	6644
7528	6645
4481	6646
6137	6647
7233	6648
2095	6649
4379	6650
16	6651
862	6652
8251	6653
508	6654
3601	6655
7152	6656
3513	6657
2165	6658
5379	6659
4398	6660
3	6661
9	6662
1198	6663
6680	6664
206	6665
2153	6666
8865	6667
7876	6668
5341	6669
4341	6670
1837	6671
2597	6672
831	6673
7793	6674
3726	6675
183	6676
2404	6677
8062	6678
5090	6679
8011	6680
4428	6681
2248	6682
4240	6683
4111	6684
2902	6685
8088	6686
7632	6687
4617	6688
5121	6689
7	6690
8265	6691
4076	6692
8263	6693
8151	6694
6089	6695
106	6696
5418	6697
4912	6698
4844	6699
8218	6700
63	6701
4872	6702
7151	6703
5586	6704
6753	6705
2701	6706
8582	6707
5523	6708
7128	6709
3487	6710
7869	6711
82	6712
4304	6713
2177	6714
1252	6715
6978	6716
5359	6717
7404	6718
118	6719
6212	6720
3848	6721
8175	6722
8115	6723
6848	6724
5063	6725
1708	6726
5426	6727
3539	6728
47	6729
189	6730
7103	6731
67	6732
8471	6733
619	6734
6777	6735
7015	6736
5143	6737
7943	6738
2	6739
6934	6740
158	6741
8382	6742
8776	6743
4230	6744
4062	6745
7916	6746
2519	6747
1165	6748
6782	6749
3807	6750
2270	6751
4678	6752
26	6753
319	6754
2	6755
103	6756
629	6757
737	6758
87	6759
6381	6760
94	6761
6111	6762
807	6763
85	6764
3839	6765
3861	6766
7963	6767
7664	6768
322	6769
1834	6770
8242	6771
2868	6772
8372	6773
6825	6774
3052	6775
2068	6776
6359	6777
6022	6778
8679	6779
7237	6780
4811	6781
541	6782
13	6783
4294	6784
5538	6785
7576	6786
1029	6787
7992	6788
6223	6789
7644	6790
7863	6791
2405	6792
6976	6793
6710	6794
855	6795
12	6796
1199	6797
2156	6798
1288	6799
1439	6800
709	6801
8593	6802
3983	6803
359	6804
2486	6805
4459	6806
1932	6807
1250	6808
2769	6809
268	6810
4255	6811
856	6812
529	6813
6624	6814
7904	6815
4074	6816
2359	6817
646	6818
7308	6819
5405	6820
25	6821
2595	6822
6585	6823
8918	6824
2082	6825
117	6826
379	6827
9	6828
1023	6829
5964	6830
3586	6831
4187	6832
171	6833
2192	6834
7268	6835
2612	6836
8331	6837
7628	6838
6947	6839
8770	6840
8081	6841
1701	6842
8894	6843
6861	6844
1858	6845
3097	6846
4549	6847
6284	6848
8718	6849
259	6850
12	6851
4384	6852
6504	6853
5403	6854
4608	6855
6440	6856
7296	6857
1703	6858
5490	6859
4927	6860
4279	6861
6674	6862
8	6863
7896	6864
5419	6865
184	6866
1588	6867
8951	6868
74	6869
7138	6870
6875	6871
10	6872
4707	6873
215	6874
7321	6875
1213	6876
2347	6877
6116	6878
3472	6879
2279	6880
3715	6881
6302	6882
2747	6883
6594	6884
3235	6885
238	6886
3820	6887
4668	6888
2396	6889
7524	6890
14	6891
5908	6892
1798	6893
143	6894
6	6895
4272	6896
5321	6897
6990	6898
657	6899
2718	6900
8876	6901
28	6902
7519	6903
10	6904
3249	6905
5281	6906
3423	6907
4125	6908
303	6909
8192	6910
6661	6911
8886	6912
6250	6913
8291	6914
3096	6915
7126	6916
7305	6917
5662	6918
7542	6919
7255	6920
2909	6921
14	6922
1491	6923
2047	6924
5036	6925
20	6926
7786	6927
2775	6928
6932	6929
2923	6930
864	6931
3519	6932
4920	6933
5819	6934
2598	6935
1	6936
4064	6937
387	6938
5173	6939
8635	6940
4	6941
1542	6942
7860	6943
7454	6944
1924	6945
8021	6946
2584	6947
1046	6948
8385	6949
2991	6950
3514	6951
2191	6952
1205	6953
8299	6954
1300	6955
2676	6956
2707	6957
3944	6958
3830	6959
3707	6960
847	6961
3305	6962
4122	6963
3831	6964
5658	6965
2635	6966
8211	6967
1258	6968
2938	6969
3187	6970
6507	6971
1354	6972
3	6973
3889	6974
7232	6975
5993	6976
26	6977
7149	6978
45	6979
7278	6980
79	6981
4424	6982
4245	6983
2940	6984
2960	6985
2920	6986
2323	6987
5607	6988
1181	6989
69	6990
8199	6991
8959	6992
4864	6993
8960	6994
5973	6995
4077	6996
5445	6997
2791	6998
3	6999
4334	7000
6158	7001
344	7002
7315	7003
46	7004
7450	7005
8788	7006
7638	7007
4136	7008
16	7009
8472	7010
3589	7011
5332	7012
188	7013
7046	7014
2670	7015
8451	7016
4647	7017
471	7018
6837	7019
2	7020
3141	7021
7690	7022
6303	7023
6973	7024
5165	7025
5	7026
3849	7027
3872	7028
4591	7029
6018	7030
6513	7031
26	7032
8696	7033
283	7034
894	7035
6898	7036
6142	7037
491	7038
8063	7039
7545	7040
5030	7041
1422	7042
7700	7043
1499	7044
8315	7045
6257	7046
6417	7047
3297	7048
36	7049
3195	7050
3325	7051
4583	7052
2014	7053
4317	7054
5981	7055
7466	7056
3326	7057
6404	7058
236	7059
2265	7060
35	7061
2498	7062
5433	7063
7325	7064
250	7065
3565	7066
1210	7067
5079	7068
339	7069
5014	7070
1002	7071
4992	7072
3263	7073
5764	7074
8267	7075
329	7076
2195	7077
1933	7078
5400	7079
3378	7080
857	7081
4719	7082
880	7083
4088	7084
5437	7085
1937	7086
6775	7087
1467	7088
7176	7089
3250	7090
5133	7091
2905	7092
20	7093
8489	7094
623	7095
5515	7096
14	7097
838	7098
5528	7099
2407	7100
3873	7101
6895	7102
1099	7103
3774	7104
6723	7105
8552	7106
6508	7107
2108	7108
806	7109
2493	7110
5520	7111
4202	7112
890	7113
2742	7114
17	7115
8629	7116
4791	7117
7894	7118
265	7119
8310	7120
2262	7121
3598	7122
8602	7123
5659	7124
5506	7125
179	7126
4577	7127
6108	7128
1844	7129
2163	7130
2576	7131
1386	7132
2205	7133
2048	7134
3823	7135
5645	7136
8358	7137
1514	7138
1549	7139
4278	7140
4331	7141
16	7142
261	7143
5022	7144
3456	7145
2402	7146
167	7147
5393	7148
530	7149
6125	7150
30	7151
8809	7152
4492	7153
7527	7154
5947	7155
3670	7156
3628	7157
4017	7158
4102	7159
1167	7160
1201	7161
8764	7162
22	7163
3716	7164
899	7165
1690	7166
616	7167
1251	7168
351	7169
4261	7170
4069	7171
5188	7172
43	7173
7425	7174
724	7175
3918	7176
152	7177
698	7178
8787	7179
6412	7180
1564	7181
3364	7182
1832	7183
1024	7184
244	7185
6603	7186
342	7187
4484	7188
7856	7189
3020	7190
4769	7191
4236	7192
6269	7193
6758	7194
6855	7195
2485	7196
5327	7197
3580	7198
4300	7199
5277	7200
3534	7201
3956	7202
5910	7203
8146	7204
3785	7205
182	7206
216	7207
6921	7208
5382	7209
6773	7210
1990	7211
5796	7212
19	7213
6780	7214
262	7215
7760	7216
222	7217
5619	7218
4917	7219
1647	7220
1323	7221
3074	7222
2942	7223
3856	7224
4708	7225
20	7226
5029	7227
7547	7228
8808	7229
8867	7230
3091	7231
6563	7232
1660	7233
3911	7234
2157	7235
717	7236
837	7237
8798	7238
8488	7239
1624	7240
137	7241
7409	7242
4841	7243
1058	7244
1543	7245
7803	7246
4712	7247
6642	7248
7511	7249
3922	7250
296	7251
5396	7252
2412	7253
2570	7254
7173	7255
5592	7256
1617	7257
1339	7258
3451	7259
4450	7260
3997	7261
7553	7262
6206	7263
1402	7264
5050	7265
5468	7266
4168	7267
1433	7268
542	7269
1147	7270
6735	7271
8184	7272
8415	7273
4987	7274
6647	7275
3746	7276
7525	7277
3959	7278
23	7279
3225	7280
6312	7281
203	7282
2061	7283
3708	7284
7191	7285
1757	7286
674	7287
1431	7288
1901	7289
8373	7290
6781	7291
7514	7292
6859	7293
1907	7294
7745	7295
4107	7296
7179	7297
6291	7298
1839	7299
1614	7300
3089	7301
7467	7302
2620	7303
10	7304
622	7305
8245	7306
1442	7307
5539	7308
73	7309
757	7310
1794	7311
8120	7312
7160	7313
410	7314
2914	7315
4907	7316
1393	7317
321	7318
8538	7319
5724	7320
336	7321
57	7322
8982	7323
3264	7324
3556	7325
4770	7326
582	7327
357	7328
7917	7329
8736	7330
6905	7331
5837	7332
4686	7333
12	7334
1112	7335
230	7336
3510	7337
4926	7338
8148	7339
3269	7340
634	7341
8254	7342
3452	7343
8987	7344
499	7345
1941	7346
4781	7347
1126	7348
8825	7349
7021	7350
370	7351
318	7352
1663	7353
1918	7354
2313	7355
390	7356
4918	7357
6324	7358
2757	7359
4800	7360
5743	7361
1317	7362
2004	7363
7345	7364
2947	7365
1805	7366
6744	7367
3894	7368
6264	7369
2148	7370
7105	7371
7937	7372
6581	7373
12	7374
3266	7375
2528	7376
3912	7377
8156	7378
3135	7379
2182	7380
7303	7381
2632	7382
4352	7383
738	7384
3387	7385
151	7386
31	7387
1755	7388
2637	7389
2384	7390
2381	7391
2727	7392
2981	7393
1665	7394
2423	7395
2659	7396
55	7397
194	7398
1009	7399
4001	7400
666	7401
288	7402
1559	7403
7559	7404
5709	7405
2346	7406
692	7407
7	7408
8529	7409
3236	7410
8059	7411
8000	7412
2370	7413
8487	7414
327	7415
863	7416
4516	7417
6171	7418
8784	7419
7204	7420
5190	7421
4644	7422
7819	7423
5588	7424
4348	7425
8971	7426
7164	7427
981	7428
5783	7429
6662	7430
5833	7431
6066	7432
8209	7433
1267	7434
2634	7435
16	7436
4833	7437
5380	7438
7661	7439
7912	7440
3448	7441
3518	7442
6098	7443
1791	7444
2469	7445
949	7446
3355	7447
6918	7448
5808	7449
2204	7450
7127	7451
3475	7452
3346	7453
527	7454
2809	7455
4911	7456
6967	7457
1193	7458
2992	7459
6037	7460
10	7461
5589	7462
7326	7463
8074	7464
345	7465
919	7466
4995	7467
3931	7468
5361	7469
347	7470
8710	7471
2413	7472
1810	7473
1943	7474
7987	7475
4417	7476
157	7477
936	7478
3085	7479
992	7480
5438	7481
1477	7482
7928	7483
734	7484
1546	7485
6219	7486
5283	7487
5243	7488
3571	7489
6179	7490
2969	7491
5994	7492
220	7493
2939	7494
2439	7495
579	7496
5	7497
1030	7498
256	7499
1	7500
3356	7501
2166	7502
8766	7503
5	7504
6374	7505
1551	7506
5754	7507
3068	7508
6444	7509
5750	7510
764	7511
1315	7512
4041	7513
7189	7514
4093	7515
7086	7516
3	7517
483	7518
3293	7519
2442	7520
6383	7521
3006	7522
7319	7523
3860	7524
2144	7525
3320	7526
1579	7527
1527	7528
8856	7529
5013	7530
5830	7531
7491	7532
2506	7533
7002	7534
2449	7535
8280	7536
3748	7537
2033	7538
3964	7539
127	7540
5078	7541
2064	7542
3699	7543
4119	7544
3730	7545
3361	7546
6800	7547
865	7548
4508	7549
276	7550
88	7551
6615	7552
4	7553
4786	7554
5661	7555
1146	7556
655	7557
5889	7558
8090	7559
7984	7560
7381	7561
7028	7562
5097	7563
2871	7564
5132	7565
8528	7566
1997	7567
2647	7568
7781	7569
6061	7570
6668	7571
7612	7572
268	7573
3053	7574
13	7575
3491	7576
7611	7577
16	7578
4491	7579
149	7580
2722	7581
3210	7582
7878	7583
8259	7584
612	7585
1717	7586
1457	7587
2093	7588
4046	7589
7434	7590
6279	7591
1929	7592
2	7593
2804	7594
6994	7595
6185	7596
4359	7597
4554	7598
8037	7599
7698	7600
341	7601
766	7602
2834	7603
6903	7604
6949	7605
8119	7606
8054	7607
2170	7608
8393	7609
8022	7610
3070	7611
6385	7612
1365	7613
5198	7614
290	7615
258	7616
7372	7617
4724	7618
8490	7619
7532	7620
3780	7621
6162	7622
4847	7623
1110	7624
12	7625
8342	7626
2714	7627
8989	7628
70	7629
3515	7630
762	7631
3117	7632
8735	7633
2745	7634
1223	7635
2984	7636
1329	7637
1581	7638
7507	7639
2245	7640
33	7641
2773	7642
3303	7643
1132	7644
26	7645
8464	7646
7614	7647
2333	7648
4087	7649
6134	7650
231	7651
8512	7652
1811	7653
4330	7654
19	7655
3984	7656
5430	7657
6691	7658
245	7659
1241	7660
624	7661
3573	7662
5358	7663
8505	7664
6024	7665
6252	7666
8655	7667
1819	7668
2185	7669
3496	7670
2918	7671
8980	7672
8012	7673
4228	7674
564	7675
2339	7676
7482	7677
137	7678
1720	7679
4586	7680
6536	7681
231	7682
4948	7683
4082	7684
1075	7685
3081	7686
8188	7687
7030	7688
6541	7689
5928	7690
5037	7691
5631	7692
34	7693
6472	7694
3814	7695
3223	7696
49	7697
3682	7698
8	7699
4559	7700
2770	7701
8494	7702
6084	7703
5454	7704
2364	7705
8668	7706
5256	7707
8272	7708
608	7709
8229	7710
4626	7711
2377	7712
4361	7713
7356	7714
4909	7715
7212	7716
7	7717
243	7718
4392	7719
8836	7720
621	7721
8630	7722
7394	7723
8302	7724
7847	7725
5884	7726
5489	7727
7101	7728
2884	7729
5043	7730
2985	7731
152	7732
7132	7733
451	7734
16	7735
323	7736
5415	7737
7055	7738
4915	7739
15	7740
7728	7741
4326	7742
6146	7743
4885	7744
6492	7745
8928	7746
898	7747
6835	7748
6561	7749
45	7750
8518	7751
6810	7752
8143	7753
5006	7754
8855	7755
6347	7756
2611	7757
4403	7758
1748	7759
6706	7760
13	7761
6512	7762
6242	7763
2390	7764
4406	7765
1875	7766
2220	7767
2452	7768
8687	7769
191	7770
5950	7771
8235	7772
7659	7773
7250	7774
8283	7775
4316	7776
1904	7777
2525	7778
2679	7779
39	7780
6587	7781
4181	7782
3772	7783
3129	7784
3470	7785
3843	7786
6670	7787
8542	7788
3490	7789
1603	7790
23	7791
5	7792
2982	7793
1759	7794
5760	7795
1437	7796
4336	7797
3747	7798
740	7799
7873	7800
3869	7801
6261	7802
3300	7803
6170	7804
4052	7805
5542	7806
10	7807
7924	7808
3663	7809
5719	7810
2517	7811
5982	7812
3625	7813
10	7814
8815	7815
1088	7816
1534	7817
5495	7818
5854	7819
5821	7820
8332	7821
66	7822
571	7823
7865	7824
651	7825
3288	7826
3169	7827
3396	7828
7886	7829
5208	7830
4568	7831
2	7832
8550	7833
7676	7834
8522	7835
7087	7836
931	7837
3	7838
128	7839
1730	7840
67	7841
340	7842
7114	7843
3426	7844
2212	7845
5158	7846
29	7847
1281	7848
8178	7849
8250	7850
7026	7851
7168	7852
7938	7853
6933	7854
6138	7855
1350	7856
7670	7857
1383	7858
6461	7859
7566	7860
1200	7861
1956	7862
7887	7863
5107	7864
592	7865
7123	7866
8728	7867
8773	7868
1405	7869
1291	7870
7417	7871
3524	7872
5481	7873
1	7874
278	7875
78	7876
3614	7877
8010	7878
6085	7879
7100	7880
1536	7881
5774	7882
7427	7883
6431	7884
868	7885
1704	7886
197	7887
5308	7888
34	7889
6963	7890
6819	7891
8	7892
448	7893
6081	7894
8355	7895
1627	7896
7074	7897
7862	7898
8541	7899
3027	7900
5370	7901
207	7902
4453	7903
5285	7904
8046	7905
7228	7906
10	7907
6119	7908
1910	7909
82	7910
1583	7911
474	7912
3191	7913
1133	7914
7439	7915
11	7916
8737	7917
14	7918
5757	7919
238	7920
27	7921
978	7922
2132	7923
349	7924
1328	7925
1841	7926
7293	7927
3324	7928
5047	7929
3069	7930
2983	7931
6820	7932
7047	7933
88	7934
6016	7935
8453	7936
5686	7937
162	7938
6014	7939
5	7940
5825	7941
2753	7942
29	7943
3095	7944
4306	7945
1760	7946
6741	7947
5797	7948
7622	7949
7616	7950
2859	7951
1847	7952
1695	7953
5966	7954
7560	7955
7595	7956
7277	7957
6133	7958
4701	7959
3738	7960
6443	7961
1299	7962
1940	7963
691	7964
30	7965
5170	7966
200	7967
3174	7968
2561	7969
1961	7970
6470	7971
8935	7972
317	7973
3836	7974
5793	7975
6384	7976
124	7977
1605	7978
2704	7979
3047	7980
12	7981
1471	7982
2151	7983
985	7984
7679	7985
2599	7986
3590	7987
4579	7988
7041	7989
1414	7990
3604	7991
6499	7992
6840	7993
1705	7994
4829	7995
3177	7996
7436	7997
785	7998
1804	7999
6308	8000
1823	8001
875	8002
8791	8003
224	8004
7477	8005
5883	8006
4794	8007
1699	8008
8990	8009
892	8010
8950	8011
18	8012
8252	8013
7380	8014
971	8015
3	8016
1081	8017
18	8018
4399	8019
59	8020
8921	8021
465	8022
30	8023
280	8024
6991	8025
7231	8026
4423	8027
37	8028
8195	8029
277	8030
1654	8031
3724	8032
1306	8033
1466	8034
2178	8035
138	8036
1168	8037
3821	8038
5957	8039
7391	8040
1816	8041
6240	8042
6843	8043
2668	8044
8045	8045
1639	8046
8802	8047
2060	8048
5232	8049
3693	8050
3921	8051
5829	8052
7	8053
2057	8054
680	8055
6323	8056
687	8057
2382	8058
4	8059
2503	8060
1289	8061
4960	8062
5608	8063
2475	8064
249	8065
2986	8066
3619	8067
6988	8068
3218	8069
729	8070
6537	8071
11	8072
7	8073
5203	8074
7445	8075
4139	8076
1840	8077
8968	8078
6623	8079
8340	8080
2229	8081
2843	8082
280	8083
6586	8084
6034	8085
3657	8086
7359	8087
2	8088
918	8089
6313	8090
3665	8091
31	8092
14	8093
4335	8094
4919	8095
8193	8096
8598	8097
108	8098
2480	8099
5676	8100
4629	8101
8917	8102
1774	8103
2886	8104
7419	8105
8779	8106
4114	8107
8824	8108
218	8109
6714	8110
4263	8111
355	8112
8526	8113
7159	8114
8237	8115
2340	8116
6878	8117
6806	8118
5334	8119
5516	8120
442	8121
181	8122
8170	8123
6000	8124
2662	8125
1448	8126
1256	8127
8597	8128
6784	8129
4821	8130
4531	8131
4991	8132
2734	8133
8604	8134
2665	8135
2400	8136
2900	8137
3	8138
178	8139
3844	8140
2892	8141
76	8142
2434	8143
6676	8144
2808	8145
8430	8146
34	8147
39	8148
6828	8149
1161	8150
8349	8151
6002	8152
4814	8153
5249	8154
1629	8155
6305	8156
7695	8157
1796	8158
3340	8159
5704	8160
4174	8161
8699	8162
8116	8163
5977	8164
8353	8165
4863	8166
6794	8167
8079	8168
5811	8169
4661	8170
7907	8171
8061	8172
5427	8173
136	8174
494	8175
277	8176
1027	8177
7591	8178
2814	8179
7630	8180
7502	8181
7584	8182
7765	8183
4439	8184
2543	8185
1814	8186
6215	8187
7398	8188
8113	8189
8080	8190
1850	8191
457	8192
8189	8193
4358	8194
3	8195
7516	8196
5632	8197
1866	8198
3341	8199
7461	8200
3	8201
3629	8202
950	8203
4593	8204
5406	8205
13	8206
6110	8207
3193	8208
1657	8209
913	8210
6578	8211
514	8212
2101	8213
7604	8214
1444	8215
2520	8216
4309	8217
4656	8218
7252	8219
5792	8220
6	8221
7702	8222
8607	8223
6857	8224
210	8225
5166	8226
5916	8227
8583	8228
395	8229
1	8230
8058	8231
6086	8232
3916	8233
1761	8234
1934	8235
1659	8236
3892	8237
188	8238
8669	8239
3252	8240
7673	8241
3884	8242
3133	8243
8325	8244
3062	8245
3576	8246
7888	8247
3987	8248
7653	8249
7198	8250
8441	8251
8559	8252
3887	8253
7627	8254
3546	8255
6046	8256
3192	8257
798	8258
1015	8259
8150	8260
1355	8261
1144	8262
6701	8263
3795	8264
4738	8265
2	8266
5688	8267
29	8268
8226	8269
2994	8270
4665	8271
10	8272
1427	8273
1528	8274
3199	8275
5955	8276
3845	8277
2	8278
1895	8279
8295	8280
25	8281
4790	8282
4189	8283
6153	8284
7662	8285
1917	8286
5278	8287
1033	8288
2906	8289
2135	8290
2	8291
2624	8292
1770	8293
31	8294
8641	8295
42	8296
5550	8297
6011	8298
4654	8299
1372	8300
1949	8301
5328	8302
8191	8303
4333	8304
8157	8305
8132	8306
4488	8307
2556	8308
4200	8309
1601	8310
3233	8311
2953	8312
3197	8313
4366	8314
7631	8315
1053	8316
8416	8317
4096	8318
381	8319
3508	8320
74	8321
2100	8322
3481	8323
212	8324
8367	8325
1700	8326
6126	8327
3667	8328
2626	8329
5693	8330
371	8331
7530	8332
2712	8333
6574	8334
7048	8335
567	8336
4	8337
4307	8338
5649	8339
7273	8340
6140	8341
7981	8342
1150	8343
36	8344
36	8345
7940	8346
72	8347
3678	8348
2097	8349
920	8350
5410	8351
7408	8352
35	8353
25	8354
6682	8355
1558	8356
7877	8357
8296	8358
2858	8359
7462	8360
7674	8361
5164	8362
2564	8363
1883	8364
7621	8365
2736	8366
2948	8367
3683	8368
8771	8369
830	8370
5888	8371
2952	8372
5020	8373
3720	8374
2079	8375
1788	8376
8589	8377
8908	8378
8775	8379
1353	8380
6767	8381
4	8382
4799	8383
260	8384
8257	8385
6456	8386
2021	8387
6258	8388
761	8389
6199	8390
26	8391
5990	8392
378	8393
5742	8394
989	8395
850	8396
3932	8397
5265	8398
4006	8399
2143	8400
233	8401
263	8402
2314	8403
3618	8404
4478	8405
5471	8406
8217	8407
377	8408
6075	8409
19	8410
4716	8411
7262	8412
9	8413
957	8414
3765	8415
35	8416
8691	8417
5664	8418
4296	8419
1853	8420
2080	8421
75	8422
630	8423
574	8424
8401	8425
565	8426
4845	8427
4807	8428
4293	8429
2636	8430
7767	8431
7933	8432
5579	8433
318	8434
3061	8435
14	8436
3267	8437
2201	8438
3554	8439
500	8440
1118	8441
2641	8442
346	8443
145	8444
3160	8445
8159	8446
3107	8447
3600	8448
202	8449
5	8450
463	8451
3691	8452
2695	8453
6765	8454
7187	8455
8840	8456
8957	8457
95	8458
4777	8459
8717	8460
5718	8461
1286	8462
3636	8463
8692	8464
157	8465
282	8466
1232	8467
3274	8468
8621	8469
3834	8470
123	8471
784	8472
84	8473
2174	8474
4581	8475
3728	8476
656	8477
5189	8478
411	8479
5985	8480
2305	8481
829	8482
2456	8483
1	8484
8514	8485
1278	8486
311	8487
440	8488
2013	8489
4875	8490
5665	8491
7603	8492
119	8493
2821	8494
5360	8495
27	8496
15	8497
7974	8498
2508	8499
1239	8500
4604	8501
1785	8502
4237	8503
693	8504
2726	8505
827	8506
2440	8507
3379	8508
3228	8509
3608	8510
2476	8511
1537	8512
1247	8513
3825	8514
8366	8515
2394	8516
5255	8517
3190	8518
4988	8519
744	8520
2944	8521
1524	8522
2266	8523
16	8524
7806	8525
43	8526
8700	8527
96	8528
2835	8529
2471	8530
3520	8531
914	8532
249	8533
5274	8534
438	8535
2162	8536
697	8537
710	8538
7402	8539
7165	8540
1292	8541
7	8542
4637	8543
2406	8544
6664	8545
8356	8546
1	8547
3167	8548
2639	8549
6165	8550
1873	8551
5210	8552
2474	8553
99	8554
369	8555
1505	8556
1	8557
7736	8558
2438	8559
44	8560
333	8561
7868	8562
2935	8563
5476	8564
4894	8565
2873	8566
29	8567
7310	8568
2904	8569
703	8570
2167	8571
7994	8572
1679	8573
3679	8574
4664	8575
1333	8576
105	8577
7073	8578
235	8579
6004	8580
6635	8581
4519	8582
10	8583
3030	8584
6023	8585
7918	8586
8032	8587
7172	8588
103	8589
7716	8590
1395	8591
3050	8592
1443	8593
213	8594
8977	8595
8881	8596
1409	8597
1845	8598
4511	8599
17	8600
6346	8601
2427	8602
563	8603
2458	8604
3758	8605
153	8606
361	8607
6887	8608
131	8609
3217	8610
1487	8611
1370	8612
8092	8613
1106	8614
6983	8615
2161	8616
3684	8617
4075	8618
6600	8619
13	8620
791	8621
1959	8622
7309	8623
591	8624
4762	8625
2975	8626
1971	8627
1017	8628
6863	8629
1310	8630
5122	8631
1982	8632
2924	8633
3429	8634
2074	8635
2849	8636
6920	8637
7418	8638
5931	8639
7774	8640
7756	8641
846	8642
4986	8643
974	8644
4592	8645
728	8646
458	8647
144	8648
1483	8649
1970	8650
6982	8651
1921	8652
6423	8653
424	8654
78	8655
6616	8656
1915	8657
7386	8658
6446	8659
3168	8660
173	8661
8688	8662
2379	8663
244	8664
5101	8665
12	8666
600	8667
2854	8668
2415	8669
26	8670
7107	8671
4941	8672
6827	8673
6834	8674
3623	8675
6464	8676
8133	8677
3453	8678
1309	8679
8575	8680
3759	8681
2501	8682
848	8683
3092	8684
705	8685
3610	8686
3054	8687
4852	8688
6564	8689
1	8690
8601	8691
4652	8692
3434	8693
4435	8694
3271	8695
8341	8696
3642	8697
2356	8698
3477	8699
8701	8700
8337	8701
7131	8702
6970	8703
2669	8704
2366	8705
5290	8706
5252	8707
4677	8708
4573	8709
131	8710
1817	8711
6190	8712
212	8713
3104	8714
4930	8715
5331	8716
2968	8717
5980	8718
3424	8719
2683	8720
2308	8721
930	8722
1909	8723
7696	8724
1262	8725
6814	8726
4091	8727
340	8728
1217	8729
8839	8730
6713	8731
1628	8732
5346	8733
7893	8734
1143	8735
7184	8736
7153	8737
2819	8738
6221	8739
905	8740
22	8741
8875	8742
6045	8743
1980	8744
7042	8745
2447	8746
7552	8747
4178	8748
1649	8749
5616	8750
3394	8751
3582	8752
652	8753
7762	8754
5236	8755
7785	8756
739	8757
6107	8758
6687	8759
4295	8760
5244	8761
2293	8762
2446	8763
5639	8764
5099	8765
8726	8766
8958	8767
932	8768
6692	8769
4021	8770
5421	8771
5110	8772
6839	8773
8014	8774
4485	8775
354	8776
4000	8777
2933	8778
266	8779
5776	8780
5655	8781
4090	8782
4269	8783
7866	8784
304	8785
3902	8786
1450	8787
7495	8788
5508	8789
1960	8790
297	8791
8517	8792
5241	8793
8651	8794
4050	8795
1092	8796
3400	8797
2658	8798
8428	8799
2365	8800
7799	8801
2563	8802
8018	8803
1192	8804
6210	8805
3124	8806
3350	8807
8838	8808
8222	8809
1979	8810
5383	8811
1829	8812
2866	8813
219	8814
3558	8815
15	8816
4842	8817
6826	8818
4957	8819
140	8820
5773	8821
4147	8822
7	8823
1698	8824
468	8825
7259	8826
121	8827
5442	8828
7665	8829
570	8830
8645	8831
3562	8832
6962	8833
6709	8834
3994	8835
2481	8836
7500	8837
7663	8838
6523	8839
7922	8840
253	8841
15	8842
3188	8843
2617	8844
731	8845
4332	8846
7724	8847
854	8848
5353	8849
7207	8850
645	8851
3	8852
4666	8853
8123	8854
7484	8855
3822	8856
8866	8857
4	8858
8743	8859
8219	8860
144	8861
1532	8862
7989	8863
7587	8864
65	8865
7371	8866
4612	8867
8858	8868
917	8869
2133	8870
5815	8871
1993	8872
1651	8873
7274	8874
287	8875
2	8876
8911	8877
7744	8878
2651	8879
4345	8880
52	8881
6330	8882
75	8883
8312	8884
3535	8885
2800	8886
2127	8887
6372	8888
1529	8889
4640	8890
9	8891
6266	8892
1900	8893
1279	8894
17	8895
8762	8896
7177	8897
2973	8898
1713	8899
4180	8900
8006	8901
4764	8902
5008	8903
6067	8904
1418	8905
3676	8906
8654	8907
8105	8908
8443	8909
7399	8910
6799	8911
13	8912
2184	8913
8509	8914
5518	8915
4787	8916
4961	8917
694	8918
4251	8919
5510	8920
4522	8921
3721	8922
545	8923
5741	8924
2784	8925
1	8926
3588	8927
819	8928
5307	8929
7219	8930
3383	8931
232	8932
5440	8933
5339	8934
3651	8935
4642	8936
2058	8937
17	8938
532	8939
3779	8940
3879	8941
332	8942
8292	8943
2342	8944
9	8945
1087	8946
4212	8947
9	8948
2168	8949
7618	8950
8887	8951
6094	8952
8	8953
2928	8954
382	8955
2889	8956
2441	8957
5944	8958
18	8959
6569	8960
452	8961
1357	8962
1387	8963
8874	8964
5294	8965
337	8966
1196	8967
14	8968
8129	8969
18	8970
4221	8971
21	8972
6334	8973
143	8974
4745	8975
3213	8976
845	8977
2027	8978
4828	8979
325	8980
2806	8981
5127	8982
6538	8983
4186	8984
1307	8985
2674	8986
1526	8987
3106	8988
3407	8989
3238	8990
7203	8991
4529	8992
11	8993
2	8994
8287	8995
2091	8996
15	8997
6365	8998
3985	8999
5411	9000
6391	9001
9	9002
8714	9003
3431	9004
5677	9005
4393	9006
7497	9007
1356	9008
1975	9009
1846	9010
8571	9011
6524	9012
6362	9013
2451	9014
6539	9015
11	9016
2645	9017
3342	9018
897	9019
8611	9020
7317	9021
5828	9022
5919	9023
5747	9024
4420	9025
20	9026
5700	9027
3	9028
1084	9029
3037	9030
3208	9031
8649	9032
1946	9033
3272	9034
1490	9035
1019	9036
1633	9037
726	9038
2749	9039
6123	9040
496	9041
754	9042
1604	9043
6716	9044
2735	9045
8521	9046
1325	9047
2603	9048
1612	9049
1391	9050
2752	9051
5199	9052
2606	9053
7456	9054
317	9055
2255	9056
4868	9057
7666	9058
5462	9059
5184	9060
8142	9061
4285	9062
7459	9063
8307	9064
6268	9065
7285	9066
6628	9067
6484	9068
7722	9069
5513	9070
135	9071
388	9072
8854	9073
1338	9074
4199	9075
252	9076
141	9077
10	9078
4441	9079
5333	9080
6351	9081
1007	9082
5458	9083
12	9084
246	9085
1726	9086
6337	9087
8603	9088
3531	9089
4725	9090
5227	9091
2259	9092
790	9093
8594	9094
4355	9095
2488	9096
2124	9097
4282	9098
7578	9099
2744	9100
6866	9101
4951	9102
5983	9103
11	9104
5429	9105
8857	9106
3739	9107
4409	9108
1061	9109
6547	9110
6176	9111
15	9112
7478	9113
3854	9114
124	9115
4503	9116
4880	9117
3897	9118
5466	9119
6957	9120
3150	9121
2860	9122
5108	9123
176	9124
5739	9125
6031	9126
2	9127
3810	9128
7919	9129
1	9130
5463	9131
2627	9132
828	9133
5201	9134
603	9135
4889	9136
7070	9137
5667	9138
3616	9139
6500	9140
6787	9141
2958	9142
4839	9143
7295	9144
1484	9145
383	9146
20	9147
2673	9148
6948	9149
6410	9150
922	9151
2996	9152
8271	9153
5376	9154
7685	9155
4977	9156
6591	9157
5089	9158
3322	9159
1227	9160
4	9161
2066	9162
10	9163
1364	9164
2803	9165
5295	9166
3025	9167
3966	9168
6151	9169
2264	9170
1130	9171
7677	9172
5	9173
5071	9174
8678	9175
1139	9176
663	9177
8817	9178
1257	9179
7374	9180
5565	9181
2946	9182
7017	9183
1879	9184
30	9185
118	9186
3381	9187
3903	9188
524	9189
7805	9190
1506	9191
151	9192
2869	9193
7464	9194
6005	9195
588	9196
635	9197
389	9198
488	9199
1176	9200
394	9201
4072	9202
10	9203
1709	9204
1600	9205
2038	9206
1163	9207
2998	9208
5040	9209
7235	9210
8309	9211
2961	9212
6478	9213
6602	9214
6172	9215
7521	9216
3769	9217
4056	9218
6360	9219
5313	9220
4700	9221
7385	9222
889	9223
4089	9224
668	9225
14	9226
4827	9227
8871	9228
3138	9229
7832	9230
7821	9231
4736	9232
63	9233
1390	9234
6397	9235
5385	9236
328	9237
4460	9238
1501	9239
122	9240
8729	9241
5109	9242
550	9243
5637	9244
8683	9245
8615	9246
715	9247
5025	9248
1253	9249
5737	9250
6734	9251
5918	9252
8418	9253
8210	9254
6411	9255
3882	9256
6026	9257
2463	9258
4905	9259
8663	9260
2558	9261
8666	9262
7014	9263
5231	9264
7599	9265
5502	9266
6449	9267
2137	9268
4068	9269
6450	9270
1992	9271
6683	9272
4851	9273
8110	9274
2183	9275
7286	9276
8835	9277
2997	9278
2551	9279
8378	9280
2482	9281
2644	9282
4156	9283
313	9284
5206	9285
2764	9286
1062	9287
7079	9288
288	9289
2839	9290
13	9291
2294	9292
3244	9293
1664	9294
5941	9295
3246	9296
8613	9297
7942	9298
37	9299
3332	9300
3114	9301
5045	9302
1890	9303
2553	9304
3980	9305
6071	9306
7529	9307
77	9308
4837	9309
745	9310
1287	9311
6634	9312
8653	9313
6275	9314
8053	9315
3893	9316
8	9317
211	9318
4031	9319
4155	9320
111	9321
8	9322
4673	9323
3230	9324
5273	9325
7020	9326
190	9327
3862	9328
1094	9329
4169	9330
2896	9331
3376	9332
4689	9333
5801	9334
4984	9335
4466	9336
643	9337
12	9338
6696	9339
2542	9340
3258	9341
3775	9342
3760	9343
5932	9344
1678	9345
5717	9346
6441	9347
7455	9348
952	9349
3957	9350
230	9351
6436	9352
1830	9353
4270	9354
3384	9355
5551	9356
6721	9357
2175	9358
2115	9359
4437	9360
2836	9361
3395	9362
4747	9363
2081	9364
4026	9365
7857	9366
6638	9367
3112	9368
770	9369
3024	9370
2367	9371
4198	9372
5507	9373
6329	9374
4239	9375
4570	9376
1692	9377
429	9378
3049	9379
5762	9380
2661	9381
1672	9382
1218	9383
6175	9384
3189	9385
1688	9386
1947	9387
4115	9388
8445	9389
21	9390
5647	9391
2	9392
8741	9393
4103	9394
8585	9395
1864	9396
6755	9397
5179	9398
447	9399
217	9400
5935	9401
1	9402
6274	9403
8496	9404
5624	9405
2700	9406
5714	9407
6816	9408
5371	9409
462	9410
4646	9411
8617	9412
1520	9413
6345	9414
805	9415
2311	9416
599	9417
4824	9418
3585	9419
7769	9420
2589	9421
1731	9422
839	9423
3996	9424
246	9425
4698	9426
1086	9427
2549	9428
1107	9429
8	9430
1729	9431
6858	9432
2078	9433
3055	9434
6562	9435
1230	9436
3181	9437
6230	9438
2861	9439
3686	9440
2492	9441
5575	9442
6640	9443
3605	9444
2465	9445
3727	9446
1274	9447
879	9448
6029	9449
1451	9450
1378	9451
169	9452
7281	9453
3291	9454
2051	9455
923	9456
5205	9457
1453	9458
6036	9459
2046	9460
1432	9461
3318	9462
1452	9463
1245	9464
712	9465
1574	9466
3962	9467
2324	9468
1812	9469
1485	9470
11	9471
8632	9472
8485	9473
8052	9474
8534	9475
2761	9476
1645	9477
6722	9478
7958	9479
1128	9480
5842	9481
4166	9482
3829	9483
3626	9484
1771	9485
2540	9486
4321	9487
306	9488
5951	9489
5946	9490
3792	9491
281	9492
199	9493
7099	9494
3292	9495
8525	9496
130	9497
161	9498
6783	9499
8266	9500
7641	9501
2833	9502
8333	9503
4216	9504
5991	9505
1000	9506
4400	9507
6724	9508
2829	9509
803	9510
1642	9511
4177	9512
7307	9513
8955	9514
4462	9515
7708	9516
4117	9517
8338	9518
7005	9519
2521	9520
1377	9521
6546	9522
8347	9523
5986	9524
8767	9525
6625	9526
302	9527
2567	9528
1	9529
68	9530
7236	9531
5286	9532
2527	9533
3	9534
1606	9535
1438	9536
426	9537
7858	9538
1186	9539
3182	9540
6311	9541
38	9542
5373	9543
4653	9544
7106	9545
6812	9546
7551	9547
5218	9548
1050	9549
2391	9550
3904	9551
3910	9552
1560	9553
239	9554
5524	9555
851	9556
6315	9557
8716	9558
2812	9559
1070	9560
6964	9561
3865	9562
3794	9563
2018	9564
301	9565
6325	9566
2915	9567
4896	9568
2614	9569
1066	9570
1038	9571
6213	9572
667	9573
6774	9574
993	9575
7582	9576
242	9577
659	9578
625	9579
386	9580
3925	9581
8851	9582
2343	9583
1228	9584
2965	9585
14	9586
270	9587
778	9588
3898	9589
1523	9590
125	9591
1865	9592
4699	9593
7190	9594
6310	9595
6228	9596
4949	9597
1674	9598
1417	9599
7814	9600
314	9601
7506	9602
8508	9603
1782	9604
7029	9605
5450	9606
2409	9607
14	9608
3694	9609
1	9610
29	9611
7749	9612
8759	9613
3523	9614
8365	9615
2586	9616
8745	9617
6	9618
3015	9619
4043	9620
4241	9621
3828	9622
2479	9623
1780	9624
5484	9625
3302	9626
1331	9627
4382	9628
1340	9629
1412	9630
3812	9631
312	9632
1565	9633
421	9634
3695	9635
3466	9636
2009	9637
7501	9638
5377	9639
5591	9640
4291	9641
397	9642
2169	9643
3787	9644
267	9645
6063	9646
3465	9647
1936	9648
1219	9649
4715	9650
1242	9651
1474	9652
3637	9653
1684	9654
2903	9655
750	9656
6273	9657
2847	9658
711	9659
2200	9660
4324	9661
2001	9662
797	9663
357	9664
256	9665
8757	9666
6196	9667
1938	9668
4308	9669
61	9670
4513	9671
1854	9672
8025	9673
877	9674
7400	9675
6167	9676
2349	9677
6267	9678
240	9679
8667	9680
476	9681
8636	9682
8206	9683
4376	9684
7411	9685
7016	9686
7333	9687
821	9688
3312	9689
3122	9690
1683	9691
3675	9692
1051	9693
910	9694
1540	9695
2971	9696
7692	9697
7956	9698
1318	9699
954	9700
7783	9701
576	9702
184	9703
6955	9704
6917	9705
1449	9706
6062	9707
969	9708
4518	9709
3026	9710
3681	9711
4054	9712
1011	9713
1744	9714
2987	9715
71	9716
3940	9717
2562	9718
11	9719
48	9720
6019	9721
8893	9722
8497	9723
1648	9724
4578	9725
8768	9726
7230	9727
5876	9728
1	9729
495	9730
544	9731
3815	9732
5488	9733
1891	9734
1158	9735
1269	9736
3574	9737
1734	9738
3403	9739
4500	9740
11	9741
3784	9742
3606	9743
35	9744
1420	9745
4008	9746
8444	9747
198	9748
8317	9749
1215	9750
3433	9751
901	9752
5656	9753
1108	9754
2253	9755
3073	9756
638	9757
8398	9758
2	9759
5130	9760
2320	9761
1101	9762
8198	9763
2361	9764
1231	9765
2777	9766
6121	9767
7162	9768
111	9769
19	9770
35	9771
6332	9772
1222	9773
4206	9774
3993	9775
3287	9776
4631	9777
6708	9778
1273	9779
7451	9780
1475	9781
4756	9782
3468	9783
3421	9784
540	9785
84	9786
8843	9787
7063	9788
2368	9789
1249	9790
654	9791
3	9792
6145	9793
3140	9794
7361	9795
3603	9796
808	9797
3130	9798
3327	9799
28	9800
8344	9801
329	9802
3631	9803
7311	9804
8783	9805
1178	9806
2532	9807
3417	9808
4235	9809
6057	9810
640	9811
820	9812
37	9813
987	9814
7607	9815
6553	9816
7221	9817
7395	9818
2473	9819
4274	9820
7845	9821
6583	9822
1125	9823
1677	9824
8285	9825
2043	9826
4834	9827
242	9828
21	9829
8658	9830
4053	9831
2604	9832
3655	9833
2023	9834
2263	9835
6779	9836
6543	9837
5	9838
2739	9839
2710	9840
5483	9841
3627	9842
8495	9843
1204	9844
2062	9845
3612	9846
3017	9847
5988	9848
5007	9849
7971	9850
4904	9851
1893	9852
8098	9853
5691	9854
6428	9855
8738	9856
3783	9857
8070	9858
5772	9859
4061	9860
4899	9861
6139	9862
2788	9863
4805	9864
2142	9865
8140	9866
6790	9867
6380	9868
7609	9869
581	9870
8352	9871
4871	9872
5459	9873
1590	9874
8558	9875
946	9876
1669	9877
8831	9878
884	9879
6483	9880
6065	9881
1580	9882
5	9883
5239	9884
3722	9885
3639	9886
3661	9887
6535	9888
5375	9889
6554	9890
5953	9891
3880	9892
1735	9893
5386	9894
3032	9895
6992	9896
2513	9897
1031	9898
2203	9899
4138	9900
3692	9901
4870	9902
160	9903
2196	9904
2418	9905
7040	9906
685	9907
142	9908
3241	9909
6453	9910
6234	9911
8482	9912
4521	9913
7833	9914
6678	9915
4525	9916
6501	9917
3123	9918
59	9919
4179	9920
1783	9921
8	9922
4176	9923
21	9924
8034	9925
5984	9926
2	9927
4952	9928
2955	9929
168	9930
2899	9931
1327	9932
8465	9933
6294	9934
1342	9935
1032	9936
4953	9937
1911	9938
781	9939
1616	9940
4925	9941
7915	9942
5698	9943
2188	9944
8067	9945
7732	9946
6099	9947
7997	9948
8051	9949
538	9950
6649	9951
5735	9952
1459	9953
2280	9954
5564	9955
284	9956
4151	9957
4287	9958
7751	9959
3559	9960
2897	9961
1825	9962
2943	9963
7704	9964
7891	9965
8056	9966
7175	9967
22	9968
8672	9969
3411	9970
7923	9971
6533	9972
1518	9973
6205	9974
3811	9975
5778	9976
594	9977
5077	9978
3875	9979
2541	9980
8475	9981
2919	9982
7706	9983
5682	9984
6263	9985
6844	9986
1089	9987
2581	9988
8	9989
7515	9990
1080	9991
3	9992
2844	9993
8147	9994
35	9995
7879	9996
3517	9997
2189	9998
3963	9999
5260	10000
