145	256	4	8.3
312	133	4	8.27
498	126	9	43.97
121	150	12	7.51
285	14	31	6.94
150	616	3	12.39
163	132	10	11.79
721	104	5	9.03
118	580	6	21.56
772	125	3	9.35
1678	104	3	7.44
116	2126	3	14.67
222	228	3	10.07
129	231	46	344.22
2024	105	3	11.49
419	103	8	9.02
104	667	5	9.03
161	2568	3	26.66
2990	122	3	20.26
1109	106	3	7.12
476	146	4	16.28
149	1428	6	51.14
105	1735	3	9.41
201	106	11	8.37
698	130	3	9.5
889	1138	3	33.66
950	109	3	7.34
141	395	4	13.08
105	1100	4	12.01
111	471	5	10.73
1272	21	3	9.5
235	1891	4	43.59
101	850	5	7.19
372	124	4	8.63
205	159	6	15.71
151	177	5	7.6
108	149	20	9.9
2007	117	3	14.79
120	844	3	8.77
108	267	7	6.93
122	103	72	13.25
230	337	3	14.59
249	134	8	21.54
447	117	4	8.61
21	247	8	10.2
2994	130	3	21.98
146	107	29	23.9
158	489	6	32.34
948	1	3	8.45
479	106	7	16.97
368	132	4	9.75
1840	109	3	12.97
2268	125	4	28.21
253	354	3	15.85
109	992	7	34.62
118	717	3	7.2
2365	101	3	10.88
142	101	59	33.16
3062	126	3	21.21
143	129	15	16.25
105	1482	5	26.41
14	108	616	15.94
105	1558	3	9.41
1048	104	4	9.4
123	139	14	9.69
101	1220	5	13.08
1753	204	5	51.59
2804	1109	3	45.11
520	132	4	12.88
147	1150	3	15.66
262	162	3	6.77
234	135	5	8.4
107	104	106	20.21
194	209	3	7.44
922	107	4	10.93
120	2747	3	19.77
1020	113	3	7.81
880	103	8	25.62
21	352	23	134.86
13	224	43	444.02
226	1709	5	53.71
162	440	3	10.94
2454	105	3	15.84
929	101	6	13.48
125	2208	3	16.71
12	1509	3	16.6
122	467	4	9.37
2073	104	3	9.45
14	151	133	18.05
103	2467	3	11.84
714	109	6	20.14
336	101	10	8.66
1886	101	3	6.73
2102	147	3	20.63
138	468	3	9.21
2900	122	3	20.26
145	1843	3	20.07
101	1564	4	9.86
657	122	5	17.98
208	2338	3	31.27
126	1169	3	11.89
102	1868	3	6.97
142	146	8	7.07
110	174	12	7.88
13	1161	3	21.23
1	2141	3	14.17
103	2346	3	11.84
109	903	5	18.69
109	1107	4	13.92
107	2816	3	16.09
2330	146	3	24.98
1058	135	4	21.14
123	1200	3	11.47
121	422	4	8.68
2269	1017	4	59.5
140	269	5	12.92
135	412	5	16.94
159	286	3	7.52
108	106	92	45.4
227	559	3	18.27
125	14	282	13.49
107	914	4	10.93
137	106	23	7.63
1646	125	5	35.28
112	194	9	6.75
114	722	5	15.44
1585	272	3	27.66
103	2724	3	11.84
660	567	4	40.13
365	335	3	19.14
400	108	5	6.79
254	105	9	9.86
1862	101	3	6.73
181	212	3	7.04
104	2314	3	9.45
103	158	28	7.51
129	340	5	13.01
969	118	3	9.27
151	1369	3	17.66
112	1363	3	9.73
122	2252	3	15.83
102	132	57	9.84
299	189	3	10.96
2748	101	3	10.88
2469	683	3	41.78
203	1936	4	41.2
237	217	3	10.34
990	115	3	8.46
698	113	4	10.14
117	1105	3	9.97
150	1734	3	18.96
274	958	5	47.04
1709	226	5	53.71
879	122	4	15.01
344	131	6	18.4
229	407	4	23.8
850	3063	3	43.21
3064	194	3	30.26
104	2074	3	9.45
102	154	45	31.22
105	2471	3	15.84
227	176	3	6.83
145	234	4	6.96
706	450	3	25.96
889	155	3	15.05
1827	126	3	16.77
111	128	25	7.56
101	2146	3	6.73
174	110	12	7.88
1732	114	4	19.08
321	170	3	9.69
196	111	9	6.75
181	133	11	22.76
118	486	4	8.91
114	1048	3	8.83
170	171	5	8.85
170	14	97	15.1
753	151	5	29.5
1254	21	5	23.86
681	160	3	13.91
110	425	5	9.25
292	817	3	23.74
238	173	5	16.69
104	381	7	8.33
267	108	7	6.93
337	219	3	13.97
139	166	8	11.25
107	138	32	24.91
140	1031	3	13.91
1350	108	3	8.44
206	114	11	14.17
1045	103	4	7.13
1523	16	3	19.78
946	125	3	10.86
21	190	67	373.82
535	158	3	12.27
344	635	3	23.13
173	706	3	15.48
112	3221	3	17.73
127	1371	3	13.23
101	312	13	14.77
1686	117	3	12.64
311	152	4	12.57
146	283	5	14.79
122	3091	3	20.26
783	165	3	15.02
385	198	3	13.45
158	1280	3	18.31
114	134	22	7.47
110	173	15	14.13
161	1	16	14.83
147	3120	3	25.1
117	591	4	10.31
224	1161	3	22.57
1541	109	3	10.85
12	2777	3	23.25
314	135	4	8.93
138	478	3	9.21
171	102	27	9.32
207	108	12	12.24
1072	201	3	21.13
127	147	12	9.53
127	213	7	10.98
883	114	3	7.14
105	1348	4	13.78
2041	102	3	6.97
514	297	3	20.22
123	1290	3	12.65
1059	989	4	49.94
1073	107	4	12.32
114	1134	3	8.83
146	370	10	53.76
108	1113	3	7.33
139	214	6	12.46
158	107	21	15.33
958	1030	4	48.41
159	2310	4	35.45
1111	103	4	7.13
105	254	9	9.86
2979	157	3	26.51
2305	103	3	7.64
325	108	6	7.73
606	122	3	7.39
471	105	5	8.16
141	647	4	17.54
207	357	3	13.36
12	254	4	6.68
112	864	4	11.82
102	1953	3	6.97
156	125	10	7.98
109	2402	3	17.35
1104	107	5	18.74
156	174	5	7.59
2970	324	3	36.32
308	102	11	9.77
110	908	3	7.41
823	1890	4	58.23
109	14	521	13.01
225	777	5	39.89
3233	155	3	26.36
101	1787	4	9.86
241	105	9	9.13
170	321	3	9.69
158	613	4	20.36
119	110	46	24.96
281	802	3	23.33
102	310	11	9.77
155	2303	4	35.18
209	183	8	33.59
321	262	4	23.06
1085	118	3	10.21
556	146	3	11.25
2978	361	3	37.14
106	359	9	21.42
105	1097	3	6.87
101	2621	3	10.88
21	686	11	64.26
991	158	4	24.45
150	998	3	15.19
2462	337	3	36.58
177	1394	6	58.09
125	193	15	37.62
1831	138	3	19.72
113	913	4	13.16
518	129	5	18.01
157	344	3	8.93
114	744	5	16.63
114	692	4	10.27
105	1862	3	11.49
254	136	4	6.71
2499	102	3	11.13
214	176	8	31.61
1109	121	3	10.78
166	268	3	7.4
1385	146	5	36.32
114	1504	3	11.45
114	1400	6	35.99
122	2989	3	20.26
103	1730	4	11.09
125	789	4	15.11
104	1458	3	7.44
281	430	3	18.62
109	1771	3	10.85
150	481	5	23.22
13	8	4	20.41
101	3068	3	10.88
1680	108	3	9.89
115	756	3	7.01
834	172	3	16.69
127	153	12	12.85
114	3045	3	17.98
170	971	4	26.15
192	777	3	17.78
119	1705	3	13.01
101	1595	4	9.86
211	14	55	12.32
594	162	4	19.95
719	112	7	27.43
1933	109	3	12.97
104	550	8	18.83
122	1207	4	17.67
579	2894	3	40.62
14	222	50	11.2
117	1577	3	12.64
116	143	53	139.36
484	125	4	10.93
146	476	4	16.28
107	118	49	16.76
2566	102	3	11.13
245	262	4	19.27
245	322	9	67.64
101	2196	3	6.73
1275	1850	4	62.95
125	381	4	8.77
165	781	3	15.02
129	101	71	20.46
1652	122	5	33.8
622	133	3	9.28
349	105	7	11.08
2554	332	3	36.58
335	365	3	19.14
647	141	4	17.54
181	123	20	55.89
128	107	38	18.5
247	347	3	15.7
989	1059	4	49.94
512	21	11	47.3
201	120	8	9.17
2442	2739	3	54.67
595	121	5	16.7
523	109	4	7
268	166	3	7.4
138	949	3	13.78
113	1020	3	7.81
101	2109	3	6.73
449	128	17	124.39
393	111	5	8.55
112	163	44	118.32
138	1722	4	27.3
1501	291	5	58.97
3045	114	3	17.98
553	127	5	17.93
219	259	6	31.55
127	2115	3	16.94
2060	104	3	9.45
427	194	3	14.23
101	605	7	10.87
9	1106	4	45.57
200	108	14	16.68
1765	133	3	15.71
458	131	6	22.97
1539	142	3	17.73
860	114	3	7.14
2524	2442	3	54.67
400	122	4	8.11
666	1885	4	56.17
346	985	6	65.04
713	2	3	12.8
109	2875	3	17.35
103	548	6	6.96
112	209	16	31.56
557	12	3	9.62
867	125	4	16.14
843	141	3	13.14
643	121	3	7.2
241	151	23	146.32
580	269	7	62.76
1722	122	4	22.09
129	2962	3	21.93
141	289	6	19.27
187	497	4	22.45
181	138	8	16.12
2064	101	3	6.73
1169	103	5	11.96
240	120	6	7.6
103	1576	5	19.74
947	102	5	8.98
1283	102	4	7.88
151	410	3	9.75
468	1380	3	30.92
125	2268	4	28.21
243	132	5	8.54
131	194	6	7.24
110	1123	3	8.32
3159	109	3	17.35
421	156	4	16.58
121	691	3	7.74
470	120	4	9.28
120	2714	3	19.77
116	14	390	8.78
127	1265	3	13.23
107	281	7	7.48
212	1836	3	27.01
152	159	16	47.95
146	523	6	30.16
2862	101	3	10.88
280	170	3	8.31
775	163	3	14.86
104	597	7	15.42
1239	111	3	9.65
14	269	35	7.83
1872	102	4	14.84
143	14	168	14.9
642	107	4	7.31
110	21	51	14.12
12	557	3	9.62
1423	146	4	25.76
577	151	3	12.12
928	211	5	41.94
101	1376	4	7.58
221	159	7	22.7
2817	126	3	21.21
151	767	4	21.26
162	218	5	13.1
162	262	3	6.77
1372	101	4	7.58
280	128	5	9.77
146	1285	3	16.76
156	326	3	8.65
123	188	72	515.28
3075	111	3	17.64
1126	109	5	20.79
2300	109	3	12.97
136	1310	3	15.09
14	268	35	7.83
1816	112	3	11.22
186	132	8	12.45
106	1672	3	9.67
131	268	5	9.84
351	146	3	7.79
565	104	6	11.04
386	125	21	149.32
21	512	11	47.3
127	1312	3	13.23
2	713	3	12.8
185	21	65	336.48
102	2499	3	11.13
158	195	8	23.98
245	128	5	7.86
1117	105	4	12.01
158	346	3	8.98
1350	122	5	28.46
569	101	8	13.48
1756	3149	3	47.94
245	429	5	34.42
123	1205	4	18.34
2782	101	3	10.88
103	1784	4	11.09
102	958	7	20.29
125	2605	3	21.15
3066	349	3	36.86
2318	457	4	52.04
175	194	4	8.84
130	2994	3	21.98
109	894	5	17.03
199	159	4	7.05
208	2337	3	31.27
217	110	8	7.03
127	694	3	8.94
772	383	3	25.25
2464	731	3	42.45
1890	823	4	58.23
105	1709	3	9.41
101	3181	3	10.88
157	2979	3	26.51
118	101	93	14.78
192	123	11	19.22
671	211	3	18.58
324	209	5	27.31
148	450	3	9.87
102	392	8	6.84
220	2182	3	27.36
102	528	8	12.6
1262	1	3	10.53
407	164	4	16.85
1165	125	7	49.44
407	109	5	8.63
111	565	5	12.96
1139	114	3	8.83
543	488	6	60.74
1975	101	4	14.51
917	101	5	8.62
412	149	3	9.39
109	1408	4	15.73
172	611	3	14.7
367	908	3	26.58
948	955	3	33.5
1936	824	4	58.23
198	156	14	58.65
2172	125	4	28.21
291	1043	7	83.1
133	525	3	7.91
153	108	19	11.13
1629	115	4	19.88
1109	2804	3	45.11
198	161	17	80.06
806	111	4	11.7
128	120	21	10.24
2294	104	3	9.45
632	121	5	17.65
103	3067	3	11.84
303	135	5	12.62
272	1204	3	24.84
2456	1613	3	47.94
106	554	5	9.89
592	21	7	23.56
163	190	11	39.86
191	102	21	9.1
125	409	7	25.14
145	265	4	8.89
151	440	4	15.86
348	103	10	11.89
135	145	12	12.23
169	113	27	53.24
146	1067	3	15.54
103	1169	5	11.96
2173	104	3	9.45
2074	107	3	11.73
102	2741	3	11.13
1560	106	5	26.87
208	526	3	16.84
326	196	3	12.28
201	107	11	8.3
111	1353	5	24.12
548	2943	3	40.12
3120	1401	3	46.35
114	812	3	7.14
848	147	3	13.82
2875	101	3	10.88
130	3011	3	21.98
1197	136	4	21.62
130	343	4	8.72
146	304	6	21.65
367	173	3	11.04
256	132	7	17.31
724	180	3	16.62
1105	143	3	14.97
2088	133	3	17.89
162	228	4	9.4
102	2482	3	11.13
127	1147	4	19.13
172	212	4	9.82
105	2	32	33.27
2753	107	3	16.09
107	109	76	34.33
156	21	23	27.11
2209	106	4	21.49
405	135	3	7.05
2102	109	4	23.14
138	109	56	119.48
1	777	4	11.86
1753	139	5	40.54
104	349	7	7.22
2470	312	3	35.83
16	8	3	9.4
143	142	9	8.24
3063	850	3	43.21
822	157	3	15.2
14	168	101	15.92
110	534	5	11.82
12	2	15	25.8
424	208	3	15.21
14	105	690	52.61
1010	121	3	9.83
399	123	5	13.11
186	21	15	20.27
117	127	23	9.39
858	112	4	11.82
1257	106	3	8.22
133	1018	6	35.85
12	150	14	23.05
381	125	4	8.77
149	1730	4	29.06
21	1258	5	23.86
267	149	5	14.71
158	1374	3	18.31
1390	103	4	8.75
849	172	3	16.69
103	1986	3	7.64
120	522	4	9.8
520	219	4	25.26
2708	101	3	10.88
120	470	4	9.28
120	402	4	7.94
978	110	3	7.41
158	168	5	6.72
101	472	9	13.21
224	234	3	10.32
125	2240	4	28.21
125	2316	3	16.71
101	2708	3	10.88
965	1799	5	75.42
1379	130	3	13.82
117	1321	3	11.13
1775	104	3	7.44
162	14	115	18.83
120	267	6	9.69
151	751	3	13.87
696	138	5	25.42
119	1017	7	39.81
182	165	5	10.23
123	579	4	12.23
467	161	3	11.15
130	143	17	22
113	585	4	8.72
291	158	4	12.5
109	1007	3	7.34
955	948	3	33.5
304	109	12	33.15
110	154	15	7.89
1332	150	3	17.4
1087	106	5	18.78
406	109	11	42.38
787	158	3	14.51
671	118	3	7.2
1335	102	4	7.88
1371	127	3	13.23
501	106	5	9.18
937	126	4	17.44
2442	2738	3	54.67
3228	931	3	44.08
950	124	3	10.75
106	103	124	10.28
2109	101	3	6.73
109	1126	5	20.79
173	235	3	6.94
1	1161	3	9.38
108	336	6	8.16
102	501	7	7.96
108	200	14	16.68
105	2456	3	15.84
119	104	62	13.75
102	308	11	9.77
102	173	33	22.61
376	111	6	11.8
229	307	3	13.51
131	629	3	9.17
383	3122	3	37.44
1085	124	3	11.71
2	161	9	16.02
128	238	8	18.43
2150	208	3	26.78
214	484	4	24.05
122	1722	4	22.09
1570	109	3	10.85
861	107	5	15.03
183	209	8	33.59
236	3096	3	32.77
165	646	3	13.79
129	102	66	16.69
2102	625	4	55.31
196	102	19	7.62
160	139	15	35.5
118	548	5	14.91
2801	105	3	15.84
313	138	4	10.43
103	126	61	10.73
112	583	4	8.56
151	1278	3	17.66
119	1420	6	39.21
1	224	48	292.21
1891	103	4	15.79
183	163	9	27.62
1639	142	5	40.71
312	103	10	8.98
146	902	3	14.55
1843	790	3	37.95
102	263	16	15.93
140	463	3	8.97
2739	2738	3	54.67
125	484	4	10.93
101	1073	6	16.38
104	1727	3	7.44
107	642	4	7.31
130	1702	3	15.35
1266	107	3	8.2
105	675	4	7.74
2402	109	3	17.35
344	139	3	6.94
149	293	3	6.77
158	2202	3	22.09
1427	109	3	9.38
108	119	55	30.25
140	152	10	14.5
3120	147	3	25.1
261	124	5	7.71
104	2060	3	9.45
109	2874	3	17.35
1119	103	5	11.96
129	518	5	18.01
102	1237	4	7.88
212	172	4	9.82
1067	138	3	14.77
157	114	15	10.03
109	514	6	15.57
857	21	8	40.53
113	418	5	9.36
579	123	4	12.23
184	2125	3	25.08
827	126	3	10.11
105	1117	4	12.01
2371	558	3	40.62
127	316	4	7.18
429	145	3	8.82
263	170	3	7.67
1235	110	3	9.45
333	212	3	13.63
21	339	7	13.75
111	953	3	7.6
111	997	5	19.16
101	14	1539	54.74
2484	112	3	17.73
146	269	5	13.91
402	102	8	7.56
1953	109	3	12.97
126	593	4	12.77
245	14	41	9.18
1593	104	3	7.44
2084	21	3	13.1
122	2900	3	20.26
108	1052	3	7.33
520	102	7	7.96
484	139	4	14.83
276	766	10	117.66
908	110	3	7.41
1615	108	3	9.89
110	360	7	14.87
2724	103	3	11.84
283	726	3	22.58
127	417	4	9.82
642	108	4	7.61
280	14	33	7.39
101	1120	5	10.47
108	1763	3	9.89
123	21	33	12.89
176	227	3	6.83
535	126	3	7.31
645	126	3	8.25
111	872	3	6.83
1560	776	3	35.72
286	159	3	7.52
404	157	3	10.32
168	158	5	6.72
497	187	4	22.45
134	144	13	13.17
107	406	9	25.96
227	1007	4	32
550	104	8	18.83
126	580	5	18.53
1007	227	4	32
625	2875	3	41.17
110	2931	3	17.43
138	406	7	33.91
151	2126	3	21.42
1819	146	3	20.51
600	173	3	14.36
102	1730	4	10.17
610	207	3	17.56
790	1843	3	37.95
12	475	3	8.35
161	305	6	24.88
127	117	23	9.39
118	859	3	8.48
202	316	3	12.19
985	346	6	65.04
14	267	35	7.83
374	581	3	23.44
117	143	25	30.12
127	369	4	8.68
122	1350	5	28.46
109	714	6	20.14
3058	12	3	23.25
130	550	3	8
2202	158	3	22.09
1757	104	3	7.44
1681	112	4	18.75
146	573	7	40.71
576	112	4	8.56
692	101	8	17.2
126	665	4	14.28
102	191	21	9.1
1180	101	5	10.47
145	249	4	7.93
327	145	3	6.93
255	201	3	9.92
917	102	8	29.69
163	125	13	17.01
2256	104	3	9.45
665	269	5	42.18
2207	139	4	32.41
265	102	13	9.55
174	123	8	6.67
553	515	4	36.46
160	264	3	6.74
744	21	7	28.96
104	2256	3	9.45
320	156	12	71.18
683	2469	3	41.78
114	979	3	7.91
241	283	4	20.47
1084	126	4	18.91
103	426	7	6.87
307	229	3	13.51
124	201	8	11.76
104	654	6	12.14
914	107	4	10.93
106	1554	3	9.67
548	127	3	7.46
1019	102	6	13.94
106	137	23	7.63
111	363	5	7.67
149	102	54	41.08
219	230	3	10.08
370	304	3	18.17
146	656	3	11.76
504	168	3	12.83
2252	101	3	6.73
519	142	8	44.79
168	821	3	16.26
219	337	3	13.97
824	203	4	28.89
173	238	5	16.69
106	224	11	12.33
316	191	3	11.39
173	108	17	14.91
1628	109	4	18.25
1321	148	4	26.18
125	156	10	7.98
902	146	3	14.55
1	1164	4	15.49
195	104	15	9.2
124	230	6	8.9
268	123	21	100.34
268	180	3	9.39
103	473	16	63.28
103	397	9	11.31
1646	132	5	37.19
713	105	5	12.14
208	389	6	38.59
1161	13	3	21.23
133	181	11	22.76
810	110	5	17.15
133	124	42	86.96
180	724	3	16.62
208	138	21	98.51
320	161	13	80.9
115	1320	3	10.54
1	266	13	36.57
1109	2805	3	45.11
369	127	4	8.68
218	162	5	13.1
2035	112	3	13.34
129	293	30	222.49
123	635	8	40.5
103	146	39	13.44
145	148	9	10.51
348	167	3	10.13
1059	107	4	12.32
2794	106	3	16.12
169	112	43	127.4
102	293	30	111.69
101	2246	3	6.73
265	145	4	8.89
1133	103	5	11.96
762	117	3	7.56
571	110	4	8.21
504	2815	3	39.66
109	1512	3	10.85
155	965	5	33.51
1374	195	3	22.08
132	520	4	12.88
262	168	3	7.45
138	1385	6	48.48
1	1933	3	14.17
634	101	7	10.87
510	112	6	16.26
386	139	21	172.24
13	234	3	9.07
186	232	3	8.14
116	1414	3	11.02
127	535	3	7.46
167	183	13	52.62
725	146	3	12.98
14	106	632	8.17
102	1970	3	6.97
129	737	3	10.08
108	1861	4	21.8
517	101	9	14.6
394	129	20	147.53
450	219	3	16.14
107	1385	3	8.2
103	907	5	10.05
114	105	53	8.28
1513	147	3	18.43
1729	1560	5	86.01
1021	195	4	29.5
107	1266	3	8.2
107	1334	3	8.2
180	268	3	9.39
374	112	5	8.22
130	3010	3	21.98
363	107	11	30.16
617	102	6	7.66
122	109	43	25.02
102	2227	3	6.97
1149	127	3	12.05
126	495	3	6.91
139	385	5	18.04
151	802	7	51.15
101	142	59	33.16
324	2970	3	36.32
143	1105	3	14.97
1067	109	3	8.25
119	368	8	24.55
151	227	5	12.29
159	199	4	7.05
338	192	3	12.1
102	366	10	10.88
184	170	4	7.37
295	133	5	11.45
132	256	7	17.31
352	157	3	9.18
1942	624	4	55.31
154	179	8	20.13
1205	122	4	17.67
777	263	3	21.68
1085	110	4	14.02
2126	116	3	14.67
139	780	3	12.32
1	1434	4	17.32
623	123	4	12.94
102	189	22	10.86
1384	104	4	11.11
1138	716	3	32.22
781	151	3	13.87
1811	104	3	7.44
102	1513	4	10.17
105	1915	3	11.49
1320	115	3	10.54
486	184	3	14.3
2581	244	3	33.2
153	267	5	15.89
2209	108	4	21.8
127	2682	3	21.38
123	342	8	25.97
114	415	5	9.51
795	117	4	12.65
130	592	3	8.45
104	565	6	11.04
180	404	3	13.06
1285	151	3	17.66
143	130	17	22
110	444	6	14.04
14	107	661	47.89
14	162	115	18.83
133	1765	3	15.71
220	125	6	8.07
21	425	14	63.23
457	262	4	26.78
351	241	23	269.16
234	13	3	9.07
152	140	10	14.5
189	520	3	15.05
132	2310	4	29.74
151	992	4	23.57
830	117	3	8.24
1832	105	3	11.49
245	201	3	9.63
119	798	3	7.91
120	335	5	9.84
216	124	11	25.75
103	1865	3	7.64
2	2282	3	20.99
336	1289	3	28.28
104	1593	3	7.44
525	170	3	13.06
101	129	71	20.46
239	103	15	12.01
101	201	19	7.84
16	1523	3	19.78
155	137	9	11.71
2236	112	3	13.34
2943	548	3	40.12
190	156	7	17.94
1337	107	3	8.2
3097	225	3	32.1
756	106	6	19.36
369	2224	4	49.73
694	895	3	30.33
112	629	4	9.23
221	274	3	11.97
304	138	5	14.9
472	731	3	27.03
1890	103	4	15.79
319	101	10	7.33
103	2144	3	7.64
101	1459	4	9.86
124	700	6	27.26
564	132	3	8.74
112	858	4	11.82
970	135	3	12.55
158	537	4	18.93
497	127	3	7.05
275	299	3	15.43
146	151	24	79.84
447	281	3	19.39
190	113	12	13.5
132	611	3	9.24
150	581	3	11.87
155	124	19	33.77
21	578	4	8.27
565	110	6	17.73
122	400	4	8.11
779	115	3	7.01
224	147	4	7.15
139	123	14	9.69
134	410	3	6.65
151	1107	5	34.91
428	109	5	9.14
520	189	3	15.05
126	146	17	21.24
428	239	4	25.02
113	299	19	77.41
104	462	6	7.76
123	174	8	6.67
123	125	22	13.54
267	120	6	9.69
114	508	4	7.71
110	376	6	11.44
167	348	3	10.13
966	129	8	58.64
127	553	5	17.93
803	1827	4	58.23
213	101	17	7.58
491	172	3	12.83
348	1485	5	61.92
2467	103	3	11.84
1570	138	3	17.53
141	14	166	10.07
253	829	3	22.1
219	1321	4	34.93
2609	102	3	11.13
1496	102	4	10.17
111	14	492	7.58
191	154	5	9.57
105	743	5	13.29
149	412	3	9.39
102	339	12	15.35
2224	594	4	54.54
104	1683	4	13.53
104	1787	3	7.44
106	2952	3	16.12
1334	111	3	9.65
101	622	7	10.87
261	110	13	30.43
109	1217	3	9.38
244	171	5	16.88
132	164	8	6.98
122	657	5	17.98
109	1369	3	9.38
370	107	7	12.17
116	1649	4	20.54
273	14	34	7.61
1217	109	3	9.38
1727	104	3	7.44
406	138	7	33.91
1420	119	6	39.21
130	698	3	9.5
212	291	3	12.27
109	1423	3	9.38
777	225	5	39.89
132	368	4	9.75
173	600	3	14.36
412	135	5	16.94
1275	1851	4	62.95
163	21	15	9.79
487	288	3	19.59
426	103	7	6.87
112	1165	4	14.41
570	201	3	16.72
120	1082	4	17.04
107	703	4	8.03
198	344	3	12.62
104	1045	4	9.4
861	149	5	30.33
142	957	3	13.98
410	146	3	8.9
12	826	7	44.93
522	120	4	9.8
118	116	29	8.8
548	112	5	12.28
103	442	7	6.87
124	261	5	7.71
1705	119	3	13.01
146	708	4	19.13
147	2102	3	20.63
1321	117	3	11.13
2989	122	3	20.26
101	615	8	15.17
151	321	3	7.91
104	2073	3	9.45
530	123	4	11.59
767	151	4	21.26
708	107	4	8.03
125	3046	3	21.15
624	106	8	28.31
189	299	3	10.96
120	107	42	10.13
256	102	15	12.52
122	138	21	23.93
171	146	7	10.92
104	338	7	6.73
109	2300	3	12.97
102	1866	3	6.97
307	757	4	34.19
2777	12	3	23.25
2456	2150	3	50.17
600	545	13	191.56
165	288	3	7.98
489	158	6	32.34
545	176	13	117.87
156	190	7	17.94
112	980	3	7.68
123	173	16	31.07
1279	214	3	23.1
103	799	5	7.37
112	1084	3	8.6
274	342	3	16.42
14	283	32	7.16
132	1646	5	37.19
186	145	5	6.86
172	181	6	15.68
101	2722	3	10.88
315	157	5	18.91
1428	149	6	51.14
895	101	5	7.19
102	2566	3	11.13
694	3235	3	41.78
117	1408	3	11.13
106	1096	4	12.35
1405	116	6	38.21
1333	130	6	44.03
112	1751	4	18.75
1498	106	4	16.63
1045	104	4	9.4
111	784	7	29.32
150	1	15	9.08
470	136	3	8.38
101	2875	3	10.88
2376	120	3	19.77
343	130	4	8.72
179	113	11	8.54
102	617	6	7.66
802	281	3	23.33
176	337	3	10.77
156	175	5	7.68
138	181	8	16.12
2453	105	3	15.84
125	1803	5	35.28
308	101	11	9.11
786	116	3	7.46
208	764	3	19.13
14	120	363	37.78
14	288	31	6.94
127	318	5	11.4
824	1936	4	58.23
418	109	5	8.63
114	119	35	11.61
102	1849	4	14.84
293	129	30	222.49
104	229	11	6.95
2461	751	3	42.45
113	520	6	16.52
212	769	3	19.35
104	114	87	25.74
256	145	4	8.3
1144	103	4	7.13
112	2035	3	13.34
158	567	3	12.75
134	114	22	7.47
101	260	19	24.14
125	647	4	13.41
102	2143	3	6.97
266	1	13	36.57
155	214	4	7.76
992	410	3	27.53
277	185	3	9.96
778	127	7	37.93
1121	130	3	12.62
151	14	133	18.05
125	141	25	43.4
103	1306	4	8.75
829	253	3	22.1
852	175	3	17.08
1595	101	4	9.86
979	117	4	14.85
387	113	6	12.2
120	2622	3	19.77
111	393	5	8.55
138	2337	3	24.19
121	1160	3	10.78
965	155	5	33.51
127	778	7	37.93
101	1999	3	6.73
1849	102	4	14.84
139	1753	5	40.54
112	169	43	127.4
102	1335	4	7.88
753	107	4	8.85
222	14	50	11.2
468	146	4	15.71
123	771	3	9
241	304	5	29.49
128	105	34	10.82
1608	108	3	9.89
208	212	4	13.78
196	326	3	12.28
141	276	4	9.16
141	193	5	7.13
1353	111	5	24.12
101	2365	3	10.88
106	569	4	6.71
104	1649	4	13.53
255	14	39	8.73
1730	102	4	10.17
1008	21	3	7.46
2738	2524	3	54.67
112	1330	3	9.73
1554	3067	3	47.94
370	138	13	76.08
397	103	9	11.31
122	692	11	74.54
133	1374	5	31.92
151	241	23	146.32
457	2318	4	52.04
125	204	16	46.41
817	2503	3	43.21
103	1157	4	7.13
101	1936	3	6.73
406	107	9	25.96
294	430	3	19.03
108	1615	3	9.89
944	211	3	20.85
112	164	15	10.94
207	610	3	17.56
141	383	3	7.79
2594	101	3	10.88
821	365	3	25.71
611	172	3	14.7
118	529	4	9.99
128	110	25	6.74
133	356	10	43.87
1722	138	4	27.3
2456	208	3	31.27
1570	107	4	16.59
114	883	3	7.14
1129	116	3	9.86
241	109	16	40.84
599	125	6	24.83
349	104	7	7.22
220	3164	3	31.85
104	1654	3	7.44
105	2454	3	15.84
215	16	4	8
111	2947	3	17.64
102	14	1449	19.64
102	171	27	9.32
169	189	4	7.68
383	104	21	96.52
2323	122	3	15.83
1876	108	3	11.99
184	486	3	14.3
154	110	15	7.89
161	1669	4	30.6
111	131	33	23.59
122	879	4	15.01
2	159	7	9.31
1017	119	7	39.81
158	103	28	7.51
138	1570	3	17.53
150	225	11	43.43
111	847	3	6.83
109	1953	3	12.97
21	483	4	6.66
529	118	4	9.99
131	180	11	22.1
315	173	3	9.82
3159	151	3	25.9
2943	112	3	17.73
1672	106	3	9.67
1767	109	3	10.85
102	2041	3	6.97
111	3260	3	17.64
287	163	3	7.84
123	157	76	385.59
101	1341	4	7.58
113	152	26	34.97
107	1570	4	16.59
103	1108	4	7.13
129	1013	3	11.61
171	244	5	16.88
113	507	9	34.15
212	834	4	29.76
109	1077	3	9.38
197	102	24	18.07
286	130	7	19.49
457	593	3	24.81
974	112	3	7.68
105	571	5	10.27
1553	21	4	18.43
114	1505	3	11.45
438	111	5	9.55
108	642	4	7.61
151	753	5	29.5
425	110	5	9.25
666	105	6	17.28
21	277	7	9.62
131	449	17	126.86
1013	129	3	11.61
106	776	5	13.71
122	134	18	9.52
101	308	11	9.11
2939	151	3	25.9
276	1095	5	49.57
102	1030	6	13.94
550	121	4	10.71
2770	106	3	16.12
108	745	5	14.07
3189	135	3	22.91
2900	109	3	17.35
600	176	13	125.06
1474	106	3	9.67
107	1362	3	8.2
171	259	5	17.9
113	358	10	29.55
395	141	4	13.08
161	175	5	7.95
142	201	13	44.38
118	992	7	39.52
14	138	171	8.92
110	565	6	17.73
123	2979	3	20.77
325	317	3	17.83
252	139	4	7.83
239	453	3	17.18
531	106	6	14.26
152	311	4	12.57
131	138	12	9.32
2269	119	4	26.12
21	592	7	23.56
21	456	16	86.12
224	13	43	444.02
2073	119	3	15.16
126	850	3	10.11
102	217	17	9.74
426	108	5	7.75
107	708	4	8.03
536	264	3	19.54
777	1	4	11.86
204	3064	3	30.85
1338	121	3	11.95
592	130	3	8.45
2	205	5	9.79
321	241	3	14.78
209	194	3	7.44
1259	12	4	23.46
153	118	16	16.67
647	125	4	13.41
129	143	15	16.25
138	708	3	11.58
113	825	5	17.86
137	117	16	7.69
112	153	15	8.5
157	188	72	688.79
288	165	3	7.98
699	108	4	8.33
3102	177	3	28.93
124	155	19	33.77
979	136	3	12.9
101	2464	3	10.88
223	183	3	7.46
184	204	10	46.11
129	1235	3	13.77
123	1635	3	14.17
125	188	7	7.34
850	101	5	7.19
1650	120	4	21.44
128	334	4	8.83
1202	446	3	29.28
112	588	7	24.12
2303	155	4	35.18
140	385	3	7.72
3126	111	3	17.64
276	133	14	60.78
2722	101	3	10.88
240	110	8	9.13
125	411	5	14.21
107	765	4	8.85
392	107	9	22.36
101	2279	3	6.73
3223	158	3	26.56
316	127	4	7.18
106	136	25	7.47
780	139	3	12.32
151	3159	3	25.9
107	2187	3	11.73
108	316	6	6.95
103	1119	5	11.96
997	111	5	19.16
145	356	3	7.39
261	105	11	16.97
850	126	3	10.11
261	168	4	12.14
2313	122	3	15.83
104	772	7	20.51
1504	114	3	11.45
1486	391	5	63.51
141	361	3	7.52
201	255	3	9.92
118	14	379	29.86
1885	666	4	56.17
2023	107	3	11.73
157	822	3	15.2
350	121	5	10.65
1130	112	3	8.6
217	237	3	10.34
123	439	5	14.2
2143	102	3	6.97
293	102	30	111.69
1376	105	3	7.97
316	1968	3	31.34
979	2007	4	59.5
190	247	3	9.09
172	491	3	12.83
203	130	6	7.78
113	1254	3	9.87
453	239	3	17.18
119	1113	3	10.33
107	151	31	36.18
119	706	3	7.31
146	519	3	10.34
2148	107	3	11.73
103	1890	4	15.79
126	259	11	34.53
908	119	3	9.38
149	861	5	30.33
191	774	4	26.55
110	544	4	7.62
202	108	10	7.02
1285	103	5	14.63
471	133	3	7.53
1110	108	4	12.65
138	151	20	53.66
160	681	3	13.91
103	2630	3	11.84
1082	120	4	17.04
104	2870	3	13.74
304	370	3	18.17
1735	105	3	9.41
146	556	3	11.25
145	724	3	11.91
774	316	3	23.65
107	238	15	28.27
104	1121	4	9.4
126	3062	3	21.21
243	112	7	7.55
131	104	49	20.96
271	130	6	13.44
2236	102	3	6.97
109	1767	3	10.85
890	139	4	20.22
2007	689	3	37.28
146	103	39	13.44
597	128	3	8.28
239	108	12	18.78
109	2344	3	17.35
112	798	5	16.24
158	1146	3	17.1
104	101	210	14.96
1799	155	5	44.02
594	369	4	33.71
113	387	6	12.2
235	173	3	6.94
197	125	10	18.4
799	127	3	9.56
124	116	45	56.36
101	1925	3	6.73
462	104	6	7.76
120	2063	4	26.37
1219	118	3	11.38
2747	120	3	19.77
708	138	3	11.58
515	553	4	36.46
1539	101	4	9.86
619	114	4	9.52
173	110	15	14.13
148	1247	5	36.85
1478	1	3	12.03
2224	127	3	16.94
103	1236	6	23.69
1787	104	3	7.44
159	269	3	6.85
145	216	5	9.42
401	125	4	9.55
299	275	3	15.43
188	315	3	11.22
102	227	15	7.27
21	1008	3	7.46
181	1374	5	43.87
592	113	4	8.72
611	126	3	8.25
791	184	10	99.53
320	242	3	14.5
1902	111	3	13.25
1	150	15	9.08
170	280	3	8.31
779	130	3	10.12
224	106	11	12.33
106	1000	8	43.03
1020	21	3	7.46
101	2750	3	10.88
540	126	4	12.13
2131	105	3	11.49
146	493	3	10.34
107	168	17	11.43
924	128	3	11.48
700	124	6	27.26
123	344	4	7.35
211	291	7	41.39
1865	103	3	7.64
336	143	4	11.6
148	624	4	18.72
117	241	7	10.19
253	252	3	12.62
14	239	43	9.63
21	1272	3	9.5
14	109	521	13.01
765	107	4	8.85
14	164	108	7.66
202	216	4	13.26
146	1385	5	36.32
492	172	3	13.24
104	111	102	42.01
594	553	3	26.1
130	131	15	8.97
130	203	6	7.78
769	244	4	30.96
478	138	3	9.21
102	877	6	11.82
168	261	4	12.14
125	772	3	9.35
158	540	3	12.27
2520	101	3	10.88
2547	156	3	26.46
1731	112	3	11.22
102	2164	3	6.97
125	220	6	8.07
138	1779	3	17.53
205	112	23	61.6
227	473	16	176.88
1298	102	4	7.88
226	181	9	42.98
187	342	4	18.34
490	116	5	12.88
288	196	3	10.99
2298	112	3	13.34
212	130	8	15.79
158	1825	3	22.09
112	223	32	127.35
112	478	4	6.93
527	127	3	7.46
882	125	5	23.15
2568	3058	3	54.67
486	117	4	8.61
1052	108	3	7.33
107	2461	3	16.09
571	105	5	10.27
1577	117	3	12.64
818	110	3	6.65
122	863	3	9.22
1374	133	5	31.92
366	154	3	9.31
145	209	6	12.5
763	116	3	7.46
204	139	6	11.53
1679	121	3	13.47
132	568	3	8.74
111	173	15	14.9
209	253	3	10.4
169	263	3	7.62
102	129	66	16.69
875	101	5	7.19
3010	108	3	16.35
111	3126	3	17.64
101	875	5	7.19
241	138	9	30.81
1437	110	4	15.83
103	312	10	8.98
781	165	3	15.02
897	103	5	8.57
1891	235	4	43.59
138	656	3	11.01
157	352	3	9.18
772	141	3	12.42
21	1749	5	29.16
611	132	3	9.24
109	528	5	11.71
274	1030	6	60.35
187	174	5	12.22
2332	138	3	24.19
251	161	6	20.44
211	1043	7	73.77
108	1372	3	8.44
148	590	3	11.55
369	594	4	33.71
3004	191	3	29.9
129	1219	3	13.77
560	122	3	6.91
2132	103	3	7.64
101	800	6	9.73
352	21	23	134.86
116	952	7	38.65
3122	104	3	13.74
117	1686	3	12.64
370	109	10	29
130	3245	3	21.98
158	535	3	12.27
168	14	101	15.92
107	573	8	26.34
189	169	4	7.68
1312	127	3	13.23
2178	21	3	13.1
13	9	4	21.23
386	484	4	32.19
244	604	3	20.37
110	128	25	6.74
340	105	6	7.36
142	143	9	8.24
668	172	3	15.29
16	215	4	8
1358	121	3	11.95
138	573	8	47.57
1177	136	3	13.88
139	1400	6	48.68
120	1312	3	11.68
545	173	4	21.11
14	153	124	12.9
238	128	8	18.43
14	212	54	12.1
14	256	38	8.51
104	2824	3	13.74
103	2468	3	11.84
105	117	53	17.93
162	594	4	19.95
109	2062	4	23.14
1512	201	3	23.94
802	107	5	15.03
360	174	3	11.17
103	1891	4	15.79
2932	12	3	23.25
428	107	5	7.39
179	132	7	8.05
195	1021	4	29.5
146	406	6	28.34
2750	101	3	10.88
1459	101	4	9.86
528	102	8	12.6
1	948	3	8.45
3068	929	3	44.08
138	388	4	12.82
2358	12	3	23.25
176	545	13	117.87
160	2240	4	35.52
182	320	3	11.37
2739	2524	3	54.67
135	1058	4	21.14
256	14	38	8.51
135	954	3	12.55
1373	152	6	52.02
645	161	3	13.38
115	972	3	8.46
692	114	4	10.27
442	147	18	152.4
312	2470	3	35.83
931	155	3	15.9
1827	803	4	58.23
155	356	3	9.04
113	1373	6	35.78
139	252	4	7.83
634	130	4	14.46
179	154	8	20.13
373	104	8	11.53
113	169	27	53.24
1624	107	3	9.64
12	3058	3	23.25
573	146	7	40.71
123	171	9	8.06
147	359	3	8.42
114	451	4	6.76
765	134	7	40.46
106	1741	4	16.63
16	9	3	9.96
307	2209	4	47.62
714	119	3	7.31
1	119	33	12.24
1178	103	4	7.13
1254	113	3	9.87
138	781	5	26.68
117	847	4	13.66
362	121	4	7.18
2568	12	3	23.25
109	146	61	159.18
141	125	25	43.4
283	151	9	40.66
208	313	5	26.66
163	160	6	8.86
358	150	5	19.2
721	136	6	31.69
629	118	4	11.31
163	112	44	118.32
105	612	4	7.03
3077	104	3	13.74
299	113	19	77.41
21	2178	3	13.1
2196	101	3	6.73
979	135	3	12.55
136	605	3	10.16
708	109	5	14.46
214	139	6	12.46
713	12	5	23.89
118	187	8	6.78
144	259	4	8.41
449	131	17	126.86
1121	3244	3	45.11
212	244	3	10.42
1202	113	5	21.64
214	126	6	7.44
201	124	8	11.76
766	133	10	74.75
157	139	8	9.83
112	167	46	139.6
279	112	17	56.87
776	106	5	13.71
120	2047	4	26.37
112	250	7	7.83
137	271	5	12.42
125	139	21	29.37
103	1356	4	8.75
1850	1851	4	70.59
21	631	11	57.49
907	103	5	10.05
106	108	92	45.4
118	1219	3	11.38
2965	114	3	17.98
174	210	6	19.64
1482	105	5	26.41
2367	101	3	10.88
116	665	4	11.63
151	351	23	202.14
473	227	16	176.88
145	135	12	12.23
188	123	72	515.28
107	734	4	8.85
2249	102	4	14.84
1831	388	4	50.57
1825	158	3	22.09
3126	139	3	24.29
1741	106	4	16.63
113	775	6	22.73
218	123	6	7.49
580	118	6	21.56
1570	304	3	28.88
103	130	51	6.87
170	146	8	14.17
1236	103	6	23.69
847	117	4	13.66
132	1301	3	14.12
146	1311	4	25.76
323	270	3	15.99
267	153	5	15.89
1734	152	3	19.26
102	1892	3	6.97
104	367	13	31.79
113	215	15	29.86
138	122	21	23.93
225	150	11	43.43
2701	102	3	11.13
180	384	4	19.05
2442	2524	3	54.67
346	158	3	8.98
2371	211	3	31.38
14	118	379	29.86
635	123	8	40.5
510	125	5	16.78
243	127	5	7.31
13	106	12	10.95
504	965	3	29.08
151	1071	3	16.44
802	283	3	23.33
152	516	15	131.1
675	129	4	15.2
146	117	22	25.33
863	122	3	9.22
764	208	3	19.13
111	905	3	7.6
803	827	4	45.87
116	580	11	59.18
143	580	7	39.34
567	660	4	40.13
1649	104	4	13.53
104	2931	3	13.74
103	1045	4	7.13
1784	103	4	11.09
579	134	3	8.9
395	114	7	17.43
171	170	5	8.85
841	101	5	7.19
1613	2456	3	47.94
182	121	11	16.24
123	530	4	11.59
171	127	11	14.9
111	1680	3	11.13
1495	101	4	9.86
106	1975	3	11.76
410	992	3	27.53
226	687	4	28.52
291	1501	5	58.97
106	692	4	8.06
106	624	8	28.31
1149	115	3	9.39
105	452	6	11.25
146	109	61	159.18
168	262	3	7.45
168	144	10	19.53
114	1181	3	8.83
101	533	7	9.58
802	151	7	51.15
1748	112	4	18.75
559	180	4	23.33
139	194	8	18.22
337	176	3	10.77
442	124	18	127.06
929	3068	3	44.08
106	999	6	23.54
2815	965	3	44.08
315	188	3	11.22
141	772	3	12.42
14	240	43	9.63
110	393	9	26.08
105	1404	3	7.97
14	165	111	24.95
123	192	11	19.22
176	325	3	10.53
101	1222	4	9.86
138	304	5	14.9
486	118	4	8.91
2133	125	4	28.21
128	123	18	8.96
160	112	14	7.71
294	244	5	28.75
112	374	5	8.22
123	647	3	7.85
182	886	9	89.71
2338	208	3	31.27
2070	101	3	10.88
135	157	10	12.32
598	131	3	8.67
1909	113	4	23.84
126	606	3	8.25
108	400	5	6.79
112	1250	4	16.23
118	1353	3	11.38
110	1728	3	10.92
1205	123	4	18.34
106	489	5	8.54
1931	102	3	6.97
162	799	3	14.76
2074	104	3	9.45
968	112	3	7.68
316	202	3	12.19
111	577	4	8.45
958	274	5	47.04
1370	114	5	24.68
2455	105	3	15.84
126	937	4	17.44
138	1067	3	14.77
137	147	13	20.45
449	111	7	19.25
558	2371	3	40.62
1824	211	3	26.9
103	2771	3	11.84
109	377	5	7.7
109	428	5	9.14
116	1663	3	12.52
1363	112	3	9.73
147	625	7	42.59
112	347	5	7.4
157	173	7	14.55
3046	125	3	21.15
1161	224	3	22.57
1613	105	3	9.41
128	449	17	124.39
110	683	4	9.61
344	157	3	8.93
106	13	12	10.95
132	163	10	11.79
1091	126	3	11.89
223	103	15	8.63
130	3244	3	21.98
149	244	4	8.87
122	2456	3	20.26
2007	135	3	18.46
361	141	3	7.52
532	12	3	9.16
2805	1109	3	45.11
21	2554	3	17.48
483	21	4	6.66
1237	102	4	7.88
204	125	16	46.41
946	2208	4	59.5
227	102	15	7.27
2141	1	3	14.17
1222	101	4	9.86
1001	103	5	10.05
191	208	5	16.95
515	133	4	12.94
121	103	100	51.02
21	1029	5	18.91
109	274	7	9.02
117	717	4	11.77
3063	126	3	21.21
110	940	4	12.6
153	103	34	14.65
103	112	104	15.07
455	121	6	18.87
183	223	3	7.46
167	136	7	7.22
14	211	55	12.32
14	255	39	8.73
103	2469	3	11.84
583	112	4	8.56
1285	109	3	9.38
143	116	53	139.36
113	179	11	8.54
336	170	3	10.16
103	615	7	12.84
123	128	18	8.96
886	182	9	89.71
134	579	3	8.9
158	333	5	20.23
957	142	3	13.98
428	108	6	11.43
1843	145	3	20.07
656	146	3	11.76
105	118	45	9.93
161	1183	4	26.09
109	2061	3	12.97
150	205	8	23.18
152	3046	3	25.94
1644	104	5	22.91
190	21	67	373.82
798	112	5	16.24
1293	106	5	21.61
101	231	46	167.82
138	1285	4	24.7
305	2970	3	35.6
124	785	4	14.95
2228	122	3	15.83
953	111	3	7.6
385	152	3	9.19
467	140	3	8.97
182	2	7	15.32
3260	111	3	17.64
2310	132	4	29.74
104	3080	3	13.74
2802	104	3	13.74
631	185	3	16.27
409	125	7	25.14
2817	3062	3	54.67
415	114	5	9.51
757	307	4	34.19
108	1064	3	7.33
520	113	6	16.52
1725	104	3	7.44
111	806	4	11.7
2318	262	4	45.24
105	1386	3	7.97
1999	106	3	11.76
354	112	8	19.23
110	499	6	15.7
374	444	3	21.65
642	104	12	55.06
213	127	7	10.98
165	182	5	10.23
2621	101	3	10.88
831	119	3	8.59
104	383	21	96.52
2970	305	3	35.6
388	1831	4	50.57
378	138	3	7.6
101	1515	4	9.86
2079	110	3	13.04
104	131	49	20.96
110	171	13	8.63
109	1028	5	18.69
319	127	4	7.45
1702	130	3	15.35
133	766	10	74.75
116	412	5	11.11
130	1379	3	13.82
355	134	5	14.25
120	240	6	7.6
478	103	7	8.4
757	2209	4	57.13
244	294	5	28.75
111	376	6	11.8
272	219	5	25.16
352	188	3	12.19
151	146	24	79.84
1165	112	4	14.41
958	102	7	20.29
155	3233	3	26.36
1084	112	3	8.6
112	148	18	10.74
288	104	14	25.16
1613	122	3	13.67
595	133	4	14.19
110	818	3	6.65
3157	553	3	40.12
1500	105	3	9.41
287	655	3	21.51
563	158	9	64.18
161	2226	3	22.19
183	167	13	52.62
122	2323	3	15.83
140	467	3	8.97
159	358	3	9.23
1311	146	4	25.76
585	109	6	17.58
151	577	3	12.12
185	631	3	16.27
1410	133	3	14.17
155	931	3	15.9
553	594	3	26.1
158	671	5	29.33
107	689	6	17.75
145	134	10	6.64
119	108	55	30.25
227	191	3	8.06
356	133	10	43.87
126	803	3	10.11
140	504	3	9.73
112	1191	3	8.6
337	2462	3	36.58
403	141	3	8.37
315	822	3	24.4
174	329	3	10.4
777	192	3	17.78
1791	116	5	31.83
163	156	10	23.4
1320	112	3	9.73
264	160	3	6.74
283	162	3	7.57
2281	1	4	24.77
283	107	7	7.48
1	13	43	197.46
170	263	3	7.67
112	354	8	19.23
212	208	4	13.78
101	1942	4	14.51
192	210	3	7.22
112	103	104	15.07
109	2871	3	17.35
605	136	3	10.16
109	351	8	18.32
990	130	3	11.65
115	112	38	8.27
173	123	16	31.07
125	140	12	6.97
108	272	10	16.62
159	152	16	47.95
322	245	9	67.64
106	673	4	8.06
516	152	15	131.1
1553	101	4	9.86
135	970	3	12.55
1096	106	4	12.35
624	148	4	18.72
102	1772	4	10.17
130	325	6	17.44
242	320	3	14.5
171	14	96	14.9
138	476	3	9.6
1207	122	4	17.67
117	486	4	8.61
2241	155	4	35.18
109	1071	4	13.92
127	319	4	7.45
2310	159	4	35.45
110	217	8	7.03
110	261	13	30.43
112	2203	3	13.34
118	969	3	9.27
2874	848	3	43.21
524	213	3	16.61
167	105	15	6.79
14	285	31	6.94
405	266	3	17.72
108	1876	3	11.99
123	218	6	7.49
408	180	3	13.06
102	820	5	7.54
130	1171	6	38.34
470	272	3	19.01
117	1566	3	12.64
442	103	7	6.87
121	643	3	7.2
131	233	5	7.46
110	1235	3	9.45
781	138	5	26.68
104	890	4	7.02
258	131	7	17.16
931	3228	3	44.08
214	545	8	65.4
109	241	16	40.84
147	2252	3	20.63
127	977	3	11.08
227	3159	3	32.23
122	1000	3	10.02
191	227	3	8.06
109	1380	3	9.38
604	244	3	20.37
125	383	21	149.32
104	1757	3	7.44
2771	103	3	11.84
105	2455	3	15.84
695	124	4	14.05
112	1130	3	8.6
1018	133	6	35.85
706	119	3	7.31
745	108	5	14.07
115	14	421	6.86
691	125	3	8.73
727	146	3	12.98
361	2978	3	37.14
144	14	168	21.06
1635	123	3	14.17
254	12	4	6.68
157	131	29	88.2
615	103	7	12.84
2863	101	3	10.88
429	245	5	34.42
161	140	9	13.21
1404	105	3	7.97
2337	208	3	31.27
161	274	3	7.09
114	123	27	7.26
826	12	7	44.93
221	156	7	22.49
138	370	13	76.08
113	464	4	6.64
104	125	50	13.06
130	146	15	18.67
2738	2739	3	54.67
1200	123	3	11.47
1850	1275	4	62.95
107	370	7	12.17
979	689	3	31.2
185	592	6	41.69
544	110	4	7.62
230	219	3	10.08
316	774	3	23.65
181	1709	5	49.27
21	186	15	20.27
185	277	3	9.96
125	2241	4	28.21
101	2707	3	10.88
540	158	3	12.27
146	478	3	9.94
1007	473	4	41.52
101	517	9	14.6
774	118	3	7.8
1369	146	4	25.76
107	120	42	10.13
101	397	10	12.12
8	1106	4	44.73
489	144	9	52.01
1734	150	3	18.96
616	150	3	12.39
211	102	22	18.9
2314	104	3	9.45
208	2456	3	31.27
1896	101	3	6.73
1285	138	4	24.7
409	579	3	24.08
106	1704	3	9.67
949	138	3	13.78
1558	105	3	9.41
124	974	4	17.2
113	314	9	21.2
267	103	19	31.66
103	683	6	10.03
14	137	181	20.09
208	759	4	28.37
3221	112	3	17.73
1414	116	3	11.02
253	135	5	9.85
642	109	12	69.6
105	104	126	40.3
105	167	15	6.79
620	158	6	36.78
1942	148	4	33.76
2129	104	3	9.45
107	283	7	7.48
107	134	34	16.49
130	1121	3	12.62
126	201	9	15.52
152	113	26	34.97
2007	979	4	59.5
105	2801	3	15.84
146	138	67	355.38
120	103	88	26.36
411	121	4	8.27
21	338	22	115.4
418	150	3	9.5
103	2229	3	7.64
127	107	32	7.48
263	102	16	15.93
342	147	3	7.65
112	839	3	6.92
112	719	7	27.43
756	2952	3	42.45
523	152	3	11.25
166	165	7	13.63
109	407	5	8.63
106	1498	4	16.63
827	803	4	45.87
1009	122	3	10.02
990	2994	3	44.08
103	430	7	6.87
176	889	3	17.15
212	14	54	12.1
1138	889	3	33.66
338	21	22	115.4
159	169	7	13.75
519	146	3	10.34
1772	102	4	10.17
109	1232	3	9.38
132	179	7	8.05
109	1427	3	9.38
2808	108	3	16.35
392	119	8	26.32
121	182	11	16.24
2815	504	3	39.66
356	123	4	7.66
143	3229	3	24.39
119	150	14	10.19
103	227	20	22.24
384	180	4	19.05
1329	118	3	11.38
112	510	6	16.26
3068	106	3	16.12
800	101	6	9.73
744	114	5	16.63
105	1885	4	21.13
292	159	3	7.7
1043	291	7	83.1
126	1091	3	11.89
146	725	3	12.98
108	239	12	18.78
159	221	7	22.7
2007	136	3	18.82
108	109	60	14.64
101	634	7	10.87
145	355	3	7.39
158	899	3	16.1
1461	107	3	9.64
272	203	4	16.91
1857	103	3	7.64
185	1008	3	19.13
481	129	3	7.17
451	114	4	6.76
12	884	6	35.25
214	155	4	7.76
102	1293	4	7.88
129	394	20	147.53
434	123	4	9.53
130	634	4	14.46
109	3159	3	17.35
103	14	1365	180.72
146	1857	4	33.33
109	3007	3	17.35
114	1086	5	21.81
288	487	3	19.59
222	280	7	41.32
122	1689	3	13.67
2787	2608	3	54.67
533	101	7	9.58
660	103	6	10.03
430	294	3	19.03
392	108	5	6.79
1374	181	5	43.87
112	1360	3	9.73
145	252	5	12.21
366	102	10	10.88
864	109	5	17.03
565	106	4	6.71
171	1219	3	19.65
101	479	7	6.66
104	1289	4	11.11
234	224	3	10.32
146	468	4	15.71
165	166	7	13.63
252	145	5	12.21
123	114	27	7.26
123	186	14	30.06
877	120	3	8.77
1126	107	3	7.09
594	3157	3	40.62
310	102	11	9.77
14	148	146	16.91
117	146	22	25.33
253	209	3	10.4
364	121	4	7.18
1433	109	4	15.73
112	2236	3	13.34
827	171	3	16.56
391	1486	5	63.51
2241	125	4	28.21
117	577	4	10.31
668	158	3	13.86
342	138	4	11.35
147	224	4	7.15
102	1727	4	10.17
114	317	7	13.64
147	124	22	36.84
1323	119	3	11.5
134	145	10	6.64
1	1628	3	12.03
139	371	4	12.17
147	1401	3	16.87
535	127	3	7.46
630	150	5	26.68
21	156	23	27.11
172	492	3	13.24
2208	125	3	16.71
126	498	9	43.97
1035	102	5	8.98
514	109	6	15.57
473	1007	4	41.52
139	386	21	172.24
1642	2581	3	47.94
244	769	4	30.96
1394	177	6	58.09
1976	101	4	14.51
918	101	5	8.62
21	113	88	98.24
304	1570	3	28.88
103	2195	3	7.64
2205	101	3	6.73
577	117	4	10.31
374	111	5	8.09
118	774	3	7.8
147	137	13	20.45
114	104	87	25.74
329	174	3	10.4
199	156	4	6.94
130	139	11	6.96
342	123	8	25.97
124	695	4	14.05
323	253	3	15.33
107	1520	3	9.64
138	107	32	24.91
558	211	3	17.44
138	313	4	10.43
1728	110	3	10.92
253	163	8	33.24
274	161	3	7.09
14	166	106	9.77
14	103	1365	180.72
126	3063	3	21.21
127	1149	3	12.05
106	946	5	16.71
190	578	4	24
131	166	8	7.15
2899	111	3	17.64
1278	151	3	17.66
337	230	3	14.59
1034	130	3	11.65
2150	1613	3	43.44
2952	106	3	16.12
116	786	3	7.46
889	176	3	17.15
255	115	33	173.62
107	749	4	8.85
1395	113	3	9.87
125	579	3	7.7
169	159	7	13.75
526	208	3	16.84
324	417	3	19.82
124	442	18	127.06
108	1350	3	8.44
241	117	7	10.19
105	2131	3	11.49
201	570	3	16.72
589	130	3	8.45
128	487	3	7.05
1146	158	3	17.1
208	388	4	21.92
2990	2989	3	54.67
117	860	3	8.24
759	208	4	28.37
195	1374	3	22.08
152	1734	3	19.26
129	481	3	7.17
158	944	4	24.45
177	1376	3	20.66
125	326	4	7.48
102	549	8	12.6
1226	212	3	23.21
388	208	4	21.92
108	153	19	11.13
159	2	7	9.31
219	132	5	6.72
173	315	3	9.82
991	127	7	44.01
14	276	33	7.39
105	1376	3	7.97
1655	124	3	14.42
14	193	67	9.08
253	279	3	13.63
225	159	8	28.49
822	119	5	20.6
113	21	88	98.24
156	199	4	6.94
573	151	3	12.12
405	160	3	10.41
267	14	35	7.83
146	1369	4	25.76
886	246	9	101.07
119	831	3	8.59
351	138	5	16.92
162	402	3	10.61
131	276	4	6.7
131	344	6	18.4
554	124	3	7.15
1400	114	6	35.99
150	2	20	60.13
106	1087	5	18.78
105	500	6	12.84
722	114	5	15.44
110	1589	3	10.92
110	1437	4	15.83
526	2338	3	40.12
151	662	4	20.32
125	691	3	8.73
107	457	5	7.93
101	106	210	94.62
121	2268	4	26.75
119	908	3	9.38
1618	1617	5	86.01
179	401	3	12.68
478	112	4	6.93
2573	120	3	19.77
120	14	363	37.78
126	535	3	7.31
1130	118	3	10.21
385	139	5	18.04
208	2150	3	26.78
579	125	3	7.7
2741	102	3	11.13
1868	102	3	6.97
110	240	8	9.13
3235	895	3	43.21
117	447	4	8.61
116	1329	3	11.02
2464	101	3	10.88
291	212	3	12.27
109	918	3	7.34
102	1283	4	7.88
307	108	10	20.51
130	608	3	8.95
12	2358	3	23.25
212	103	19	15.51
2187	104	3	9.45
1385	109	4	15.73
283	473	3	19.39
254	187	4	14.38
3067	1554	3	47.94
1779	109	3	10.85
132	174	12	22.62
121	364	4	7.18
102	520	7	7.96
106	3066	3	16.12
997	119	4	15.34
3244	1121	3	45.11
2047	103	3	7.64
102	400	8	6.84
158	985	3	16.1
312	101	13	14.77
2455	534	3	40.12
102	265	13	9.55
215	113	15	29.86
104	1725	3	7.44
265	123	5	7.84
674	109	4	9.52
229	148	7	20.81
109	151	46	105.74
283	146	5	14.79
141	288	8	30.65
578	21	4	8.27
158	3223	3	26.56
214	386	3	14.35
102	1496	4	10.17
3068	101	3	10.88
148	219	17	80.99
294	138	4	9.63
148	145	9	10.51
181	226	9	42.98
117	689	4	11.77
109	108	60	14.64
1290	123	3	12.65
825	116	3	8.13
148	102	53	35.89
124	492	3	6.75
104	989	4	8.09
2873	132	3	22.29
125	386	21	149.32
119	102	108	39.94
106	2794	3	16.12
376	110	6	11.44
674	212	5	37.59
174	145	7	10.94
281	2530	3	34.76
358	159	3	9.23
1150	147	3	15.66
146	2333	3	24.98
191	224	3	7.95
272	108	10	16.62
1689	122	3	13.67
106	101	210	94.62
1017	2269	4	59.5
201	1512	3	23.94
106	307	9	15.91
203	824	4	28.89
138	1819	3	19.72
317	156	3	8.42
151	107	31	36.18
717	118	3	7.2
1190	112	3	8.6
108	130	38	21.9
108	202	10	7.02
151	1520	4	29.58
3149	1756	3	47.94
113	921	3	7.81
157	135	10	12.32
2338	526	3	40.12
137	130	22	35.71
335	120	5	9.84
112	160	14	7.71
112	243	7	7.55
102	1268	4	7.88
187	254	4	14.38
161	645	3	13.38
144	249	6	16.35
400	142	3	8.07
766	276	10	117.66
133	101	55	6.63
103	1036	5	10.05
211	558	3	17.44
854	113	7	32.43
1177	111	4	14.29
1763	108	3	9.89
171	110	13	8.63
117	476	5	13.76
207	14	58	7.34
1401	3120	3	46.35
109	1005	3	7.34
2714	120	3	19.77
1520	107	3	9.64
1701	961	3	37.36
304	241	5	29.49
266	221	4	18.12
210	192	3	7.22
105	471	5	8.16
357	207	3	13.36
249	144	6	16.35
333	158	5	20.23
126	540	4	12.13
122	2990	3	20.26
135	1036	3	12.55
525	184	3	14.72
1123	110	3	8.32
134	122	18	9.52
101	267	12	6.72
824	2564	3	43.21
101	319	10	7.33
1017	115	3	8.46
106	2209	4	21.49
146	378	5	19.14
103	2132	3	7.64
1936	203	4	41.2
859	118	3	8.48
150	121	12	7.51
121	637	3	7.2
1654	104	3	7.44
386	214	3	14.35
141	843	3	13.14
109	674	4	9.52
1683	104	4	13.53
14	127	284	55.56
136	1177	3	13.88
913	116	3	8.92
184	1719	5	49.41
115	1629	4	19.88
2182	3164	3	50.17
152	385	3	9.19
146	170	8	14.17
293	149	3	6.77
1485	348	5	61.92
3016	142	3	24.39
104	105	126	40.3
110	3004	3	17.43
161	320	13	80.9
143	269	5	13.02
253	21	17	48.46
325	176	3	10.53
894	109	5	17.03
110	451	6	14.04
14	171	96	14.9
381	104	7	8.33
274	109	7	9.02
2879	101	3	10.88
102	2016	3	6.97
262	245	4	19.27
587	157	3	12.71
707	125	3	8.73
117	1449	3	12.64
116	269	7	11.92
131	14	234	7.69
227	151	5	12.29
1	1425	3	10.53
454	21	16	86.12
1268	102	4	7.88
129	1454	3	15.31
332	2554	3	36.58
21	1004	3	7.46
625	2102	4	55.31
142	1639	5	40.71
2323	101	3	6.73
731	472	3	27.03
132	578	3	8.74
2015	101	3	6.73
106	479	7	16.97
109	1570	3	10.85
208	191	5	16.95
181	172	6	15.68
141	254	4	7.95
2503	292	3	35.16
157	404	3	10.32
825	21	4	11.51
170	336	3	10.16
593	457	3	24.81
2155	102	3	6.97
2209	757	4	57.13
671	158	5	29.33
8	16	3	9.4
3265	101	3	10.88
1566	117	3	12.64
2518	115	3	18.59
738	128	3	9.95
141	403	3	8.37
121	409	5	12.55
12	1667	4	26.06
3067	103	3	11.84
1399	111	4	16.11
132	219	5	6.72
3164	220	3	31.85
158	991	4	24.45
108	207	12	12.24
102	478	8	10.22
286	824	3	23.53
175	852	3	17.08
716	1138	3	32.22
132	102	57	9.84
839	257	4	32.69
223	112	32	127.35
824	286	3	23.53
504	245	3	18.28
689	117	4	11.77
126	916	4	17.44
151	283	9	40.66
178	124	16	36.12
107	922	4	10.93
317	114	7	13.64
125	163	13	17.01
257	839	4	32.69
1407	122	3	12.15
541	2468	3	40.12
1219	129	3	13.77
102	1298	4	7.88
212	181	3	7.04
534	2455	3	40.12
127	799	3	9.56
1161	1	3	9.38
495	158	4	18.31
326	125	4	7.48
105	1832	3	11.49
476	109	7	20.71
111	1384	5	24.12
533	106	4	6.71
417	127	4	9.82
247	173	4	12.31
153	112	15	8.5
791	204	10	104.08
170	184	4	7.37
580	143	7	39.34
130	990	3	11.65
2994	990	3	44.08
102	197	24	18.07
204	184	10	46.11
188	157	72	688.79
113	1971	3	13.48
1036	103	5	10.05
777	109	5	15.64
3096	236	3	32.77
209	324	5	27.31
214	1279	3	23.1
484	214	4	24.05
1807	104	3	7.44
103	1886	3	7.64
21	405	11	39.28
105	128	34	10.82
424	108	5	7.75
14	143	168	14.9
1711	119	3	13.01
653	119	3	6.78
14	261	37	8.28
127	486	3	6.68
106	1729	5	26.87
109	708	5	14.46
394	120	4	7.56
165	14	111	24.95
193	141	5	7.13
2657	660	3	41.78
114	395	7	17.43
325	3010	3	36.32
881	118	3	8.48
107	1231	3	8.2
146	1423	4	25.76
117	2882	3	19.2
147	127	12	9.53
1513	102	4	10.17
1376	101	4	7.58
1404	191	5	44.59
161	251	6	20.44
2875	147	3	25.1
894	585	4	42.19
2707	101	3	10.88
319	110	7	12.55
1423	138	4	24.7
908	367	3	26.58
21	332	5	6.7
110	1568	4	18.35
115	779	3	7.01
102	1035	5	8.98
111	1118	3	8.51
2482	102	3	11.13
1727	102	4	10.17
593	126	4	12.77
107	1800	3	9.64
1492	172	4	32.44
212	117	9	12.76
101	1975	4	14.51
268	131	5	9.84
104	721	5	9.03
108	245	9	10.27
101	692	8	17.2
101	624	11	33.4
134	765	7	40.46
139	890	4	20.22
233	131	5	7.46
125	3123	3	21.15
21	829	8	40.53
115	12	40	61.4
106	533	4	6.71
1751	112	4	18.75
155	889	3	15.05
629	112	4	9.23
392	102	8	6.84
132	564	3	8.74
163	183	9	27.62
108	424	5	7.75
120	877	3	8.77
802	753	3	31
622	101	7	10.87
164	407	4	16.85
120	1650	4	21.44
681	119	3	7.31
119	1478	3	13.01
800	120	4	13.36
247	21	8	10.2
104	2187	3	9.45
292	121	5	8.2
153	14	124	12.9
703	123	3	8.39
264	12	5	11.07
252	253	3	12.62
138	146	67	355.38
1264	104	4	11.11
1613	2150	3	43.44
2894	579	3	40.62
14	208	56	12.55
142	400	3	8.07
1836	212	3	27.01
253	323	3	15.33
105	114	53	8.28
131	157	29	88.2
565	111	5	12.96
13	191	3	6.76
150	152	17	48
107	146	29	23.9
281	151	7	27.66
194	112	9	6.75
139	125	21	29.37
126	214	6	7.44
813	109	5	18.69
146	514	3	10.34
146	410	3	8.9
103	2099	3	7.64
347	112	5	7.4
108	757	5	14.07
189	102	22	10.86
162	283	3	7.57
128	1803	5	36.36
190	163	11	39.86
126	2817	3	21.21
116	490	5	12.88
827	110	3	6.65
104	3077	3	13.74
118	671	3	7.2
3245	130	3	21.98
270	220	3	11.68
123	434	4	9.53
129	966	8	58.64
638	121	3	7.2
217	102	17	9.74
297	514	3	20.22
1247	148	5	36.85
2875	109	3	17.35
467	122	4	9.37
1948	101	3	6.73
145	1685	5	40.95
120	201	8	9.17
1200	113	3	8.73
239	101	14	6.85
2739	2442	3	54.67
2063	120	4	26.37
150	358	5	19.2
2581	1642	3	47.94
190	253	6	27.01
305	324	3	17.37
2524	2739	3	54.67
271	137	5	12.42
351	109	8	18.32
101	2830	3	10.88
126	103	61	10.73
104	1264	4	11.11
146	1126	3	15.54
2102	101	4	14.51
225	3097	3	32.1
1408	117	3	11.13
753	802	3	31
116	1405	6	38.21
143	336	4	11.6
143	200	6	11.36
186	123	14	30.06
1126	146	3	15.54
14	112	500	29.41
113	854	7	32.43
2816	107	3	16.09
218	14	51	11.43
791	126	4	15.19
104	2216	3	9.45
109	122	43	25.02
2568	161	3	26.66
129	3040	3	21.93
106	1257	3	8.22
790	145	4	19.48
101	2321	3	6.73
1030	958	4	48.41
191	316	3	11.39
151	476	9	58.06
125	401	4	9.55
111	3071	3	17.64
204	194	3	7.16
122	2150	4	27.03
103	1486	5	19.74
3010	325	3	36.32
706	173	3	15.48
195	158	8	23.98
1106	8	4	44.73
104	3235	3	13.74
111	470	4	6.83
244	149	4	8.87
118	153	16	16.67
1779	138	3	17.53
1385	138	6	48.48
201	245	3	9.63
124	178	16	36.12
288	141	8	30.65
101	2367	3	10.88
2	105	32	33.27
158	668	3	13.86
1818	146	3	20.51
101	917	5	8.62
856	125	4	16.14
108	394	20	109.48
1160	121	3	10.78
276	14	33	7.39
1142	127	4	19.13
1310	136	3	15.09
101	1862	3	6.73
552	156	3	12.18
146	1821	4	33.33
2873	139	3	24.29
734	107	4	8.85
313	116	7	15.37
128	245	5	7.86
110	1085	4	14.02
3091	122	3	20.26
21	2084	3	13.1
3229	155	3	26.36
1454	129	3	15.31
476	138	3	9.6
138	2331	3	24.19
2461	107	3	16.09
903	109	5	18.69
101	2049	3	6.73
1219	171	3	19.65
1000	106	8	43.03
112	14	500	29.41
156	987	5	33.67
233	21	14	28.82
1425	1	3	10.53
205	183	4	10.89
159	205	6	15.71
2468	103	3	11.84
158	2349	3	26.56
494	101	7	8.47
3223	195	3	30.36
200	143	6	11.36
216	101	20	14.1
108	699	4	8.33
673	106	4	8.06
109	1779	3	10.85
1851	1275	4	62.95
1373	21	4	15.9
21	123	33	12.89
109	864	5	17.03
1423	109	3	9.38
363	127	4	8.68
659	116	6	22.08
103	897	5	8.57
129	928	3	11.61
104	119	62	13.75
123	265	5	7.84
206	1482	5	51.76
135	2069	3	18.46
138	294	4	9.63
138	126	14	10.71
1509	12	3	16.6
147	2875	3	25.1
110	571	4	8.21
102	2609	3	11.13
1288	112	3	9.73
1512	109	3	10.85
3164	2182	3	50.17
3123	125	3	21.15
992	151	4	23.57
120	409	6	16.86
2195	103	3	7.64
2530	281	3	34.76
162	583	3	13
139	3126	3	24.29
229	839	3	20.95
493	245	3	18.28
260	101	19	24.14
2246	101	3	6.73
224	191	3	7.95
635	344	3	23.13
134	386	4	10.33
718	121	3	7.74
112	1681	4	18.75
757	106	6	19.36
107	1624	3	9.64
129	840	3	10.79
1999	101	3	6.73
3012	108	3	16.35
118	881	3	8.48
1341	101	4	7.58
161	287	6	23.59
118	798	4	12.97
21	1553	4	18.43
1031	140	3	13.91
2172	867	4	58.23
472	2464	3	39.23
199	123	8	11.01
2453	471	3	39.23
107	392	9	22.36
3011	130	3	21.98
134	135	22	32.08
102	1019	6	13.94
102	1095	6	16.86
146	130	15	18.67
1729	106	5	26.87
1953	102	3	6.97
1589	110	3	10.92
834	212	4	29.76
1086	114	5	21.81
305	175	4	15.4
1134	114	3	8.83
516	159	15	134.36
210	186	4	11.59
2099	103	3	7.64
122	191	8	8.63
102	585	6	6.69
115	255	33	173.62
1851	1850	4	70.59
259	144	4	8.41
121	550	4	10.71
109	573	9	36.55
523	146	6	30.16
166	14	106	9.77
550	3245	3	40.12
1258	21	5	23.86
584	135	3	9.31
155	3228	3	26.36
1515	101	4	9.86
101	2102	4	14.51
241	321	3	14.78
112	576	4	8.56
146	1818	3	20.51
151	1285	3	17.66
104	895	4	7.02
468	103	9	15.71
744	123	7	36.53
510	2133	4	53.19
153	127	12	12.85
208	158	5	11.85
214	600	8	67.19
2	320	6	23.52
2115	127	3	16.94
109	1541	3	10.85
2	150	20	60.13
119	3028	3	19.58
102	153	40	19.99
1180	117	6	32.79
2650	103	3	11.84
191	3004	3	29.9
102	256	15	12.52
585	113	4	8.72
138	2062	3	19.72
276	141	4	9.16
240	14	43	9.63
219	2849	3	31.85
113	1909	4	23.84
334	128	4	8.83
1380	468	3	30.92
118	1130	3	10.21
2150	122	4	27.03
269	14	35	7.83
123	628	3	7.85
103	239	15	12.01
1005	109	3	7.34
1458	107	3	9.64
113	686	5	15.27
1866	102	3	6.97
137	14	181	20.09
101	1976	4	14.51
112	2943	3	17.73
160	405	3	10.41
3223	1374	3	46.35
103	2650	3	11.84
109	523	4	7
133	203	8	15.1
128	597	3	8.28
118	110	34	6.88
605	101	7	10.87
264	536	3	19.54
803	126	3	10.11
109	1160	3	8.25
133	1410	3	14.17
125	3122	3	21.15
121	350	5	10.65
159	292	3	7.7
108	14	616	15.94
977	127	3	11.08
1	1259	3	10.53
2462	107	3	16.09
178	118	11	12.67
1293	102	4	7.88
357	176	3	11.03
142	1539	3	17.73
102	2236	3	6.97
1159	103	4	7.13
113	1200	3	8.73
151	781	3	13.87
203	272	4	16.91
2125	184	3	25.08
102	897	6	11.82
270	323	3	15.99
1799	105	3	9.41
314	113	9	21.2
769	212	3	19.35
176	357	3	11.03
114	157	15	10.03
409	121	5	12.55
374	150	6	26.68
668	106	4	8.06
136	1197	4	21.62
142	519	8	44.79
14	207	58	7.34
568	132	3	8.74
127	548	3	7.46
325	130	6	17.44
213	104	12	6.75
117	151	22	30.77
207	455	3	15.26
12	2932	3	23.25
156	317	3	8.42
102	1917	3	6.97
1886	103	3	7.64
123	181	20	55.89
788	122	5	20.28
844	110	5	17.15
168	504	3	12.83
1936	101	3	6.73
113	1395	3	9.87
776	1729	3	35.72
101	2782	3	10.88
980	112	3	7.68
185	104	21	19.84
103	2047	3	7.64
2240	160	4	35.52
613	158	4	20.36
559	227	3	18.27
830	116	4	13.51
281	107	7	7.48
2524	2738	3	54.67
2229	103	3	7.64
1998	101	3	6.73
1183	161	4	26.09
271	197	4	16.16
132	1685	5	37.19
127	527	3	7.46
103	660	6	10.03
594	127	7	32.37
359	106	9	21.42
292	2503	3	35.16
113	190	12	13.5
130	589	3	8.45
573	476	3	25.64
104	107	106	20.21
171	123	9	8.06
342	187	4	18.34
138	351	5	16.92
150	1332	3	17.4
112	2484	3	17.73
1289	3077	3	46.35
180	157	8	21.45
2337	138	3	24.19
12	532	3	9.16
743	105	5	13.29
2226	161	3	22.19
534	110	5	11.82
110	197	11	11.21
1242	101	4	7.58
117	1180	6	32.79
119	2269	4	26.12
333	126	4	7.84
499	110	6	15.7
974	124	4	17.2
1030	274	6	60.35
300	236	3	13.69
101	336	10	8.66
104	1384	4	11.11
134	107	34	16.49
101	200	21	11.44
585	894	4	42.19
708	130	5	21.82
1389	129	6	43.93
107	1071	4	12.32
119	367	6	14.66
211	1824	3	26.9
1118	111	3	8.51
1719	184	5	49.41
246	182	10	54.66
103	1178	4	7.13
135	405	3	7.05
138	1071	3	14.77
212	333	3	13.63
130	708	5	21.82
324	305	3	17.37
1885	105	4	21.13
102	1251	5	13.48
1000	122	3	10.02
226	295	4	19.56
101	3265	3	10.88
109	476	7	20.71
1071	109	4	13.92
254	575	3	19.54
2061	109	3	12.97
667	104	5	9.03
578	190	4	24
12	713	5	23.89
124	372	4	8.63
125	1165	7	49.44
468	138	3	9.21
123	703	3	8.39
103	153	34	14.65
269	143	5	13.02
103	212	19	15.51
349	114	5	7.73
473	103	16	63.28
3071	111	3	17.64
101	895	5	7.19
103	1485	5	19.74
2224	369	4	49.73
1095	276	5	49.57
105	713	5	12.14
208	1613	3	24.56
174	132	12	22.62
1353	118	3	11.38
101	1998	3	6.73
434	157	4	16.64
126	1827	3	16.77
254	141	4	7.95
749	107	4	8.85
2875	625	3	41.17
654	104	6	12.14
272	1585	3	27.66
1004	21	3	7.46
259	171	5	17.9
2870	104	3	13.74
108	3010	3	16.35
116	1021	7	38.65
101	841	5	7.19
1425	114	3	9.97
388	138	4	12.82
1729	776	3	35.72
108	142	34	33.43
1	1478	3	12.03
104	1644	5	22.91
1730	103	4	11.09
119	111	37	12.29
101	918	5	8.62
125	599	6	24.83
122	2228	3	15.83
102	240	21	25.91
169	179	4	6.7
149	451	3	10.06
191	234	3	8.3
899	158	3	16.1
128	14	250	6.96
486	112	5	10.87
109	304	12	33.15
117	691	3	6.97
283	241	4	20.47
155	1799	5	44.02
117	795	4	12.65
884	12	6	35.25
772	104	7	20.51
1198	111	5	21.26
12	2568	3	23.25
103	281	16	23.67
452	105	6	11.25
274	181	3	9.63
1386	105	3	7.97
123	266	5	7.84
114	543	5	12.65
1408	109	4	15.73
2150	2456	3	50.17
2333	146	3	24.98
1771	109	3	10.85
3080	104	3	13.74
103	2070	3	11.84
119	822	5	20.6
1369	151	3	17.66
239	428	4	25.02
150	119	14	10.19
543	652	3	26.65
125	2172	4	28.21
109	1628	4	18.25
150	490	3	10.55
109	1840	3	12.97
175	161	5	7.95
151	2461	3	25.9
216	102	21	17.7
724	21	6	20.39
2831	21	3	17.48
107	428	5	7.39
221	266	4	18.12
123	399	5	13.11
1289	336	3	28.28
545	600	13	191.56
104	288	14	25.16
125	2133	4	28.21
104	185	21	19.84
109	1067	3	8.25
130	108	38	21.9
103	1001	5	10.05
110	104	77	8.76
631	21	11	57.49
1749	21	5	29.16
304	146	6	21.65
136	167	7	7.22
1030	102	6	13.94
798	118	4	12.97
175	156	5	7.68
817	292	3	23.74
151	656	3	12.64
216	145	5	9.42
125	946	3	10.86
158	208	5	11.85
148	1942	4	33.76
245	108	9	10.27
126	138	14	10.71
234	161	4	9.38
1970	102	3	6.97
992	107	7	31.69
131	130	15	8.97
121	632	5	17.65
895	104	4	7.02
116	313	7	15.37
877	102	6	11.82
253	190	6	27.01
1	740	3	7
101	1180	5	10.47
1220	101	5	13.08
3062	2817	3	54.67
138	342	4	11.35
231	129	46	344.22
129	839	4	17.15
2947	111	3	17.64
1151	133	3	12.97
111	1399	4	16.11
191	1404	5	44.59
320	2	6	23.52
2150	105	3	11.49
108	1245	4	14.44
982	109	3	7.34
1301	132	3	14.12
104	1048	4	9.4
181	3007	3	29.48
102	211	22	18.9
1617	1574	5	86.01
112	1288	3	9.73
135	234	5	8.4
820	102	5	7.54
151	573	3	12.12
104	1811	3	7.44
101	929	6	13.48
1108	106	3	7.12
212	1333	6	63.35
272	470	3	19.01
116	825	3	8.13
109	1285	3	9.38
1709	181	5	49.27
344	198	3	12.62
174	360	3	11.17
1642	244	3	26.49
140	218	5	9.46
289	141	6	19.27
539	104	6	10.08
155	3229	3	26.36
164	132	8	6.98
307	106	9	15.91
104	639	5	8.1
288	14	31	6.94
2605	125	3	21.15
406	146	6	28.34
2461	151	3	25.9
1504	104	3	7.44
124	216	11	25.75
495	126	3	6.91
201	142	13	44.38
726	283	3	22.58
118	117	32	13.67
472	101	9	13.21
281	447	3	19.39
724	145	3	11.91
146	142	8	7.07
184	791	10	99.53
131	598	3	8.67
411	125	5	14.21
105	349	7	11.08
1803	125	5	35.28
2208	106	4	21.49
1520	151	4	29.58
263	169	3	7.62
127	158	10	8.72
291	211	7	41.39
122	1613	3	13.67
1819	138	3	19.72
104	2	32	17.92
385	140	3	7.72
528	108	7	19.72
104	195	15	9.2
101	1374	4	7.58
507	113	9	34.15
1485	103	5	19.74
775	113	6	22.73
138	131	12	9.32
394	108	20	109.48
156	198	14	58.65
14	141	166	10.07
786	137	3	12.03
143	106	23	9.27
620	107	4	7.31
105	14	690	52.61
2556	120	3	19.77
371	139	4	12.17
9	13	4	21.23
126	333	4	7.84
114	1370	5	24.68
757	108	5	14.07
147	1187	3	15.66
1482	206	5	51.76
111	119	37	12.29
146	2329	3	24.98
101	2205	3	6.73
105	682	4	7.74
487	128	3	7.05
827	1827	4	58.23
1245	108	4	14.44
102	148	53	35.89
145	174	7	10.94
113	1953	4	23.84
1171	130	6	38.34
103	223	15	8.63
135	1402	3	14.73
2554	21	3	17.48
1071	138	3	14.77
965	504	3	29.08
236	300	3	13.69
1236	260	6	68.22
181	274	3	9.63
451	110	6	14.04
476	117	5	13.76
105	1702	4	16.27
103	478	7	8.4
104	646	5	8.1
490	150	3	10.55
106	3067	3	16.12
107	1104	5	18.74
125	288	5	9.43
111	438	5	9.55
122	788	5	20.28
111	2899	3	17.64
717	117	4	11.77
108	129	29	7.7
140	161	9	13.21
560	155	4	19.36
581	150	3	11.87
121	455	6	18.87
104	3250	3	13.74
344	123	4	7.35
691	121	3	7.74
3032	102	3	11.13
177	3102	3	28.93
3046	152	3	25.94
137	129	13	10.12
393	110	9	26.08
1113	119	3	10.33
165	783	3	15.02
148	101	69	74.35
138	696	5	25.42
107	2023	3	11.73
108	1151	3	7.33
103	348	10	11.89
2329	146	3	24.98
109	107	76	34.33
1259	1	3	10.53
2122	112	3	13.34
247	190	3	9.09
321	151	3	7.91
1704	106	3	9.67
229	104	11	6.95
106	501	5	9.18
109	1520	3	10.85
358	21	5	7.07
146	2332	3	24.98
150	630	5	26.68
127	1686	3	14.76
227	283	4	19.19
107	620	4	7.31
188	114	12	13.29
109	2102	4	23.14
121	638	3	7.2
105	261	11	16.97
149	1036	5	32.08
115	1017	3	8.46
840	129	3	10.79
131	128	17	12.27
179	169	4	6.7
158	14	116	6.8
652	543	3	26.65
2622	120	3	19.77
1374	3223	3	46.35
573	107	8	26.34
112	871	4	11.82
104	373	8	11.53
107	1461	3	9.64
193	14	67	9.08
101	1242	4	7.58
112	2298	3	13.34
122	1205	4	17.67
1162	111	7	41.21
14	128	250	6.96
1100	105	4	12.01
2282	2	3	20.99
161	2	9	16.02
799	103	5	7.37
128	924	3	11.48
161	270	4	11.43
103	1111	4	7.13
176	600	13	125.06
1107	109	4	13.92
101	216	20	14.1
597	104	7	15.42
104	1504	3	7.44
125	707	3	8.73
175	305	4	15.4
106	756	6	19.36
2805	2804	3	54.67
21	233	14	28.82
3123	367	3	37.14
686	113	5	15.27
123	199	8	11.01
114	349	5	7.73
3245	550	3	40.12
450	148	3	9.87
104	505	7	13.06
138	241	9	30.81
124	1000	8	56.21
117	105	53	17.93
127	594	7	32.37
110	452	5	9.81
118	1085	3	10.21
14	245	41	9.18
14	170	97	15.1
1428	114	3	9.97
2952	756	3	42.45
120	394	4	7.56
204	791	10	104.08
134	355	5	14.25
139	204	6	11.53
107	158	21	15.33
158	127	10	8.72
228	239	3	10.95
146	14	157	35.37
103	1857	3	7.64
146	171	7	10.92
367	104	13	31.79
2939	116	3	19.08
696	146	4	19.13
21	110	51	14.12
105	393	6	9.33
104	3122	3	13.74
1861	108	4	21.8
600	214	8	67.19
3265	102	3	11.13
2140	102	3	6.97
594	2224	4	54.54
109	370	10	29
101	2066	3	6.73
113	891	5	17.86
103	468	9	15.71
916	126	4	17.44
2277	101	3	6.73
2147	113	3	13.48
1321	219	4	34.93
1522	111	3	11.13
2252	147	3	20.63
388	212	3	14.76
286	2564	3	34.96
1251	102	5	13.48
1380	109	3	9.38
101	2323	3	6.73
122	1009	3	10.02
107	753	4	8.85
401	179	3	12.68
1384	111	5	24.12
155	2241	4	35.18
126	611	3	8.25
2144	103	3	7.64
1113	108	3	7.33
578	132	3	8.74
110	966	8	46.55
486	127	3	6.68
2859	127	3	21.38
129	137	13	10.12
694	127	3	8.94
330	123	4	7.35
2512	105	3	15.84
133	595	4	14.19
3221	798	3	42.45
2208	946	4	59.5
500	105	6	12.84
3181	101	3	10.88
117	2007	3	14.79
122	1026	3	10.02
895	694	3	30.33
1169	126	3	11.89
209	145	6	12.5
21	1020	3	7.46
102	347	14	24.26
204	288	3	11.46
102	196	19	7.62
911	135	4	19.65
383	141	3	7.79
1360	112	3	9.73
864	112	4	11.82
159	225	8	28.49
119	392	8	26.32
173	157	7	14.55
708	177	3	16.17
295	226	4	19.56
121	362	4	7.18
194	2207	4	40.41
117	979	4	14.85
121	1338	3	11.95
1191	112	3	8.6
103	419	8	9.02
192	225	3	7.95
1067	146	3	15.54
110	118	34	6.88
409	120	6	16.86
114	2965	3	17.98
207	275	3	11.18
545	357	3	22.35
120	1501	5	32.98
355	145	3	7.39
203	133	8	15.1
120	128	21	10.24
300	346	14	139.24
102	2249	4	14.84
457	107	5	7.93
656	151	3	12.64
106	1109	3	7.12
3066	106	3	16.12
2530	103	3	11.84
262	321	4	23.06
280	222	7	41.32
112	969	3	7.68
102	1928	3	6.97
14	218	51	11.43
14	144	168	21.06
180	559	4	23.33
244	1642	3	26.49
368	119	8	24.55
114	206	11	14.17
368	184	6	33.81
102	1872	4	14.84
771	123	3	9
2062	109	4	23.14
946	106	5	16.71
2824	104	3	13.74
113	1202	5	21.64
256	179	4	13.68
126	522	4	11.54
120	291	6	11.36
1333	212	6	63.35
119	714	3	7.31
1915	105	3	11.49
3159	227	3	32.23
194	3064	3	30.26
992	118	7	39.52
174	801	3	16.27
351	151	23	202.14
116	118	29	8.8
751	151	3	13.87
332	21	5	6.7
583	162	3	13
102	3265	3	11.13
580	665	4	40.13
119	2073	3	15.16
971	170	4	26.15
683	103	6	10.03
165	111	18	17.78
1372	108	3	8.44
359	147	3	8.42
147	442	18	152.4
573	138	8	47.57
1862	105	3	11.49
109	138	56	119.48
2456	122	3	20.26
115	1149	3	9.39
897	102	6	11.82
368	1719	5	62.42
240	102	21	25.91
102	200	19	8.74
126	827	3	10.11
158	787	3	14.51
1171	146	4	23.87
133	1151	3	12.97
163	287	3	7.84
154	191	5	9.57
136	946	3	12.9
1804	155	5	44.02
1709	105	3	9.41
1356	103	4	8.75
106	201	11	8.37
1986	103	3	7.64
149	108	20	9.9
1343	101	4	7.58
21	724	6	20.39
151	2939	3	25.9
102	453	9	12.61
126	1084	4	18.91
1334	107	3	8.2
108	173	17	14.91
2047	120	4	26.37
125	104	50	13.06
660	2657	3	41.78
537	158	4	18.93
2182	220	3	27.36
288	125	5	9.43
177	151	5	7.6
1352	112	3	9.73
106	1560	5	26.87
2471	105	3	15.84
144	134	13	13.17
2962	129	3	21.93
170	525	3	13.06
1000	124	8	56.21
129	542	3	7.96
147	848	3	13.82
937	107	4	10.93
166	139	8	11.25
133	187	7	9.43
107	2148	3	11.73
173	102	33	22.61
107	937	4	10.93
107	861	5	15.03
107	1073	4	12.32
188	352	3	12.19
159	277	3	7.17
104	1775	3	7.44
2070	103	3	11.84
119	114	35	11.61
158	620	6	36.78
135	152	11	13.6
102	119	108	39.94
356	155	3	9.04
112	1320	3	9.73
219	450	3	16.14
107	2462	3	16.09
209	112	16	31.56
777	150	3	13.61
2164	102	3	6.97
665	116	4	11.63
1071	107	4	12.32
1099	135	4	21.14
3235	104	3	13.74
144	489	9	52.01
476	573	3	25.64
21	1627	4	18.43
339	102	12	15.35
155	1804	5	44.02
148	229	7	20.81
3028	119	3	19.58
129	287	4	6.82
283	802	3	23.33
2470	103	3	11.84
172	1492	4	32.44
104	2802	3	13.74
1539	1639	3	41.21
14	111	492	7.58
737	129	3	10.08
1574	1617	5	86.01
545	214	8	65.4
138	14	171	8.92
113	275	6	7.28
318	127	5	11.4
107	14	661	47.89
122	560	3	6.91
131	111	33	23.59
386	134	4	10.33
905	111	3	7.6
3122	772	3	42.45
2	884	5	30.26
277	159	3	7.17
146	241	7	22.02
639	104	5	8.1
239	14	43	9.63
2564	824	3	43.21
156	421	4	16.58
2268	121	4	26.75
113	446	7	19.75
133	622	3	9.28
872	111	3	6.83
812	114	3	7.14
152	150	17	48
112	1699	3	11.22
194	204	3	7.16
662	151	4	20.32
107	127	32	7.48
136	470	3	8.38
606	126	3	8.25
966	110	8	46.55
106	1695	3	11.76
14	115	421	6.86
123	268	21	100.34
156	221	7	22.49
2608	2787	3	54.67
165	280	7	29.9
107	1458	3	9.64
104	539	6	10.08
2503	817	3	43.21
182	246	10	54.66
204	1753	5	51.59
137	786	3	12.03
156	552	3	12.18
180	131	11	22.1
1100	110	3	8.32
161	198	17	80.06
418	113	5	9.36
365	821	3	25.71
197	110	11	11.21
110	319	7	12.55
102	2140	3	6.97
1373	113	6	35.78
478	146	3	9.94
550	130	3	8
244	2581	3	33.2
1618	1574	5	86.01
125	856	4	16.14
1231	107	3	8.2
149	135	10	9.82
219	148	17	80.99
2682	127	3	21.38
108	3012	3	16.35
111	390	6	12.39
107	992	7	31.69
138	1831	3	19.72
125	197	10	18.4
302	300	5	32.8
146	696	4	19.13
102	357	9	7.37
108	191	13	11.46
282	134	4	7.19
1204	272	3	24.84
393	105	6	9.33
211	928	5	41.94
326	156	3	8.65
138	2332	3	24.19
110	827	3	6.65
1164	1	4	15.49
961	1701	3	37.36
122	1652	5	33.8
222	103	16	10.69
772	3122	3	42.45
269	140	5	12.92
129	108	29	7.7
103	134	48	7.18
211	671	3	18.58
8	9	17	210.31
158	669	3	13.86
784	111	7	29.32
987	161	3	16.19
135	134	22	32.08
487	204	16	168.39
174	156	5	7.59
154	102	45	31.22
360	2454	3	37.14
105	666	6	17.28
111	196	9	6.75
412	116	5	11.11
250	112	7	7.83
2	104	32	17.92
163	253	8	33.24
987	156	5	33.67
1095	102	6	16.86
1685	132	5	37.19
108	428	6	11.43
2321	102	3	6.97
2126	151	3	21.42
392	128	4	9.91
191	13	3	6.76
102	3077	3	11.13
1106	13	3	24.04
184	525	3	14.72
2456	105	3	15.84
128	145	11	7.11
118	438	5	12.21
567	2657	3	40.62
954	135	3	12.55
2052	102	3	6.97
103	120	88	26.36
241	146	7	22.02
157	434	4	16.64
969	112	3	7.68
279	253	3	13.63
2332	146	3	24.98
157	123	76	385.59
157	180	8	21.45
171	827	3	16.56
111	1198	5	21.26
113	2147	3	13.48
111	374	5	8.09
132	186	8	12.45
3223	181	3	29.48
316	108	6	6.95
200	101	21	11.44
139	2207	4	32.41
21	857	8	40.53
259	219	6	31.55
338	104	7	6.73
829	21	8	40.53
553	3157	3	40.12
125	123	22	13.54
107	1107	3	7.09
357	102	9	7.37
136	106	25	7.47
2893	112	3	17.73
12	1259	4	23.46
115	2518	3	18.59
245	493	3	18.28
624	101	11	33.4
177	708	3	16.17
1197	111	3	8.51
1401	147	3	16.87
123	356	4	7.66
161	234	4	9.38
105	1123	3	6.87
590	148	3	11.55
446	1	9	33.05
127	14	284	55.56
106	1999	3	11.76
127	171	11	14.9
116	1129	3	9.86
109	982	3	7.34
14	280	33	7.39
568	156	3	12.66
135	3189	3	22.91
109	777	5	15.64
538	129	3	7.96
280	165	7	29.9
831	114	5	18.03
124	1085	3	11.71
616	113	7	25.97
203	470	3	15.55
774	191	4	26.55
101	569	8	13.48
112	1748	4	18.75
179	256	4	13.68
535	492	3	25.14
992	109	7	34.62
101	2863	3	10.88
105	241	9	9.13
150	12	14	23.05
1232	109	3	9.38
103	121	100	51.02
269	116	7	11.92
1329	116	3	11.02
107	2074	3	11.73
113	616	7	25.97
1077	109	3	9.38
218	132	5	6.72
389	208	6	38.59
940	110	4	12.6
349	3066	3	36.86
542	129	3	7.96
430	103	7	6.87
522	126	4	11.54
3058	2568	3	54.67
109	1433	4	15.73
1374	101	4	7.58
121	115	30	10.62
348	141	4	11.94
126	791	4	15.19
102	216	21	17.7
585	102	6	6.69
125	487	16	113.49
3064	204	3	30.85
689	107	6	17.75
416	196	3	13.98
101	761	7	14.24
105	2150	3	11.49
655	287	3	21.51
839	129	4	17.15
106	143	23	9.27
1106	9	4	45.57
121	367	4	7.18
2989	2990	3	54.67
860	117	3	8.24
109	585	6	17.58
548	103	6	6.96
785	124	4	14.95
208	424	3	15.21
944	158	4	24.45
740	1	3	7
137	116	33	50.81
112	205	23	61.6
1280	158	3	18.31
101	1886	3	6.73
101	1962	3	6.73
1	2281	4	24.77
122	1407	3	12.15
127	243	5	7.31
130	103	51	6.87
101	1372	4	7.58
1	1060	3	9.38
147	101	44	14.69
194	427	3	14.23
275	113	6	7.28
245	504	3	18.28
525	133	3	7.91
146	342	4	12.32
112	2122	3	13.34
891	113	5	17.86
1953	113	4	23.84
277	139	4	9.04
890	104	4	7.02
105	351	6	7.81
377	109	5	7.7
210	174	6	19.64
132	632	3	9.24
2871	109	3	17.35
115	980	3	8.46
102	2560	3	11.13
21	2831	3	17.48
107	201	11	8.3
360	110	7	14.87
194	175	4	8.84
135	689	4	16.46
383	772	3	25.25
125	1646	5	35.28
112	974	3	7.68
102	1931	3	6.97
267	101	12	6.72
14	273	34	7.61
110	492	4	7.08
238	107	15	28.27
1362	107	3	8.2
127	363	4	8.68
186	253	3	9.07
111	1902	3	13.25
186	209	3	6.97
475	12	3	8.35
117	137	16	7.69
133	910	5	26.83
129	675	4	15.2
573	109	9	36.55
253	186	3	9.07
471	111	5	10.73
2464	472	3	39.23
452	110	5	9.81
867	2172	4	58.23
3235	694	3	41.78
470	203	3	15.55
2146	101	3	6.73
1942	101	4	14.51
102	811	5	7.54
669	158	3	13.86
114	1139	3	8.83
2240	125	4	28.21
1250	112	4	16.23
106	2208	4	21.49
194	139	8	18.22
119	681	3	7.31
2069	135	3	18.46
367	121	4	7.18
1107	107	3	7.09
300	302	5	32.8
101	148	69	74.35
425	21	14	63.23
275	207	3	11.18
150	374	6	26.68
136	254	4	6.71
1680	111	3	11.13
249	145	4	7.93
577	111	4	8.45
2062	138	3	19.72
756	115	3	7.01
116	1343	3	11.02
340	129	5	13.01
1892	102	3	6.97
101	1495	4	9.86
101	1539	4	9.86
456	21	16	86.12
121	1358	3	11.95
1434	1	4	17.32
105	1799	3	9.41
109	418	5	8.63
263	777	3	21.68
624	1942	4	55.31
615	101	8	15.17
119	1323	3	11.5
8	13	4	20.41
972	115	3	8.46
2896	103	3	11.84
504	140	3	9.73
3004	110	3	17.43
708	146	4	19.13
106	14	632	8.17
819	2467	3	43.21
991	106	4	10.97
120	2556	3	19.77
172	849	3	16.69
646	104	5	8.1
101	2252	3	6.73
184	368	6	33.81
833	148	3	14.86
592	185	6	41.69
741	107	4	8.85
1029	21	5	18.91
173	545	4	21.11
146	2330	3	24.98
1451	103	4	11.09
107	802	5	15.03
105	2453	3	15.84
276	242	3	13.04
159	516	15	134.36
1617	1618	5	86.01
1486	103	5	19.74
1799	965	5	75.42
580	126	5	18.53
965	2815	3	44.08
910	133	5	26.83
144	355	3	7.33
410	107	5	6.91
2349	158	3	26.56
417	324	3	19.82
283	14	32	7.16
505	104	7	13.06
1974	106	3	11.76
151	117	22	30.77
2849	219	3	31.85
463	140	3	8.97
1478	119	3	13.01
1831	208	4	41.77
1787	101	4	9.86
103	1285	5	14.63
154	366	3	9.31
115	121	30	10.62
370	146	10	53.76
3067	106	3	16.12
132	218	5	6.72
1857	146	4	33.33
839	112	3	6.92
476	151	9	58.06
110	639	6	18.92
111	1177	4	14.29
133	295	5	11.45
101	2064	3	6.73
130	779	3	10.12
1532	108	3	9.89
2657	567	3	40.62
211	944	3	20.85
137	155	9	11.71
112	115	38	8.27
825	113	5	17.86
508	114	4	7.71
103	267	19	31.66
112	486	5	10.87
1043	211	7	73.77
110	1100	3	8.32
3091	109	3	17.35
339	21	7	13.75
133	482	4	12.39
283	227	4	19.19
156	2547	3	26.46
2468	541	3	40.12
473	108	6	12.9
1036	149	5	32.08
356	145	3	7.39
751	2461	3	42.45
111	3075	3	17.64
135	149	10	9.82
1568	110	4	18.35
482	133	4	12.39
351	105	6	7.81
115	990	3	8.46
146	351	3	7.79
179	299	7	36.31
152	135	11	13.6
1663	116	3	12.52
275	455	3	18.8
139	130	11	6.96
176	214	8	31.61
1933	1	3	14.17
739	158	5	30.61
124	950	3	10.75
193	125	15	37.62
1717	106	4	16.63
346	300	14	139.24
913	113	4	13.16
14	101	1539	54.74
1235	129	3	13.77
1702	105	4	16.27
103	2305	3	7.64
2205	103	3	7.64
363	111	5	7.67
142	108	34	33.43
156	568	3	12.66
564	121	4	11.34
1330	112	3	9.73
130	137	22	35.71
107	1337	3	8.2
130	271	6	13.44
438	118	5	12.21
228	162	4	9.4
107	363	11	30.16
155	201	5	10.64
133	2088	3	17.89
21	163	15	9.79
139	484	4	14.83
2454	360	3	37.14
347	247	3	15.7
675	105	4	7.74
1107	283	3	25.22
21	253	17	48.46
2016	102	3	6.97
131	577	3	8.67
1121	104	4	9.4
197	271	4	16.16
2931	104	3	13.74
2102	2875	3	50.17
195	3223	3	30.36
283	1107	3	25.22
342	274	3	16.42
104	213	12	6.75
118	2205	3	15.04
138	208	21	98.51
683	110	4	9.61
336	108	6	8.16
2467	819	3	43.21
287	129	4	6.82
2066	101	3	6.73
105	1500	3	9.41
14	146	157	35.37
822	315	3	24.4
2979	123	3	20.77
357	545	3	22.35
692	106	4	8.06
554	106	5	9.89
112	1816	3	11.22
1001	111	3	7.6
111	165	18	17.78
108	2808	3	16.35
870	142	3	13.14
543	114	5	12.65
118	1329	3	11.38
581	374	3	23.44
1468	102	4	10.17
122	2313	3	15.83
1639	1539	3	41.21
103	106	124	10.28
127	2224	3	16.94
102	1468	4	10.17
123	623	4	12.94
1458	104	3	7.44
440	151	4	15.86
117	830	3	8.24
1348	105	4	13.78
128	131	17	12.27
811	126	3	10.11
410	134	3	6.65
133	276	14	60.78
111	1334	3	9.65
567	126	3	7.75
2630	103	3	11.84
201	155	5	10.64
118	105	45	9.93
1028	109	5	18.69
3007	109	3	17.35
114	831	5	18.03
109	2900	3	17.35
157	315	5	18.91
101	2015	3	6.73
146	727	3	12.98
204	487	16	168.39
205	150	8	23.18
261	14	37	8.28
731	101	6	9.73
110	2079	3	13.04
121	411	4	8.27
1821	146	4	33.33
2648	146	3	24.98
1343	116	3	11.02
2252	122	3	15.83
106	3068	3	16.12
103	1144	4	7.13
102	402	8	7.56
205	2	5	9.79
407	229	4	23.8
145	429	3	8.82
198	385	3	13.45
112	326	12	37.87
211	2371	3	31.38
1385	107	3	8.2
109	406	11	42.38
118	178	11	12.67
2133	510	4	53.19
1454	293	3	28.45
133	515	4	12.94
133	471	3	7.53
410	151	3	9.75
811	102	5	7.54
703	107	4	8.03
647	123	3	7.85
208	14	56	12.55
104	2173	3	9.45
161	987	3	16.19
103	222	16	10.69
895	3235	3	43.21
694	101	6	8.38
103	122	72	13.25
148	143	8	7.66
2830	101	3	10.88
102	149	54	41.08
103	1451	4	11.09
112	1352	3	9.73
104	1807	3	7.44
145	128	11	7.11
473	283	3	19.39
151	465	10	63.99
2804	2805	3	54.67
306	132	4	7.94
121	292	5	8.2
487	125	16	113.49
119	653	3	6.78
125	882	5	23.15
139	160	15	35.5
692	122	11	74.54
446	1202	3	29.28
21	454	16	86.12
1560	1729	5	86.01
103	2530	3	11.84
2040	114	4	23.98
186	210	4	11.59
127	497	3	7.05
138	130	12	8.69
165	125	10	9.42
492	535	3	25.14
148	833	3	14.86
405	21	11	39.28
489	106	5	8.54
644	141	3	11.21
287	156	10	50.28
127	2859	3	21.38
102	2052	3	6.97
342	146	4	12.32
528	109	5	11.71
118	629	4	11.31
1376	177	3	20.66
390	111	6	12.39
1962	101	3	6.73
612	105	4	7.03
142	1558	3	17.73
107	2753	3	16.09
591	117	4	10.31
1803	128	5	36.36
111	1001	3	7.6
1686	127	3	14.76
101	104	210	14.96
1060	1	3	9.38
133	3223	3	22.34
293	1454	3	28.45
1107	151	5	34.91
120	102	88	16.68
106	757	6	19.36
266	123	5	7.84
686	21	11	64.26
21	185	65	336.48
277	174	5	19.79
1925	101	3	6.73
2882	117	3	19.2
146	126	17	21.24
101	147	44	14.69
101	213	17	7.58
682	105	4	7.74
270	186	3	9.7
429	106	5	7.43
1520	109	3	10.85
143	148	8	7.66
14	125	282	13.49
167	112	46	139.6
12	264	5	11.07
21	1314	6	35
21	1254	5	23.86
156	287	10	50.28
123	330	4	7.35
1048	114	3	8.83
287	161	6	23.59
101	1343	4	7.58
1120	101	5	10.47
3058	161	3	26.66
1073	101	6	16.38
234	145	4	6.96
2279	101	3	6.73
139	157	8	9.83
1449	117	3	12.64
1985	120	3	15.35
224	1	48	292.21
163	775	3	14.86
105	2512	3	15.84
2249	109	3	12.97
107	741	4	8.85
1505	114	3	11.45
191	122	8	8.63
120	2376	3	19.77
116	830	4	13.51
358	113	10	29.55
173	367	3	11.04
109	1385	4	15.73
3122	383	3	37.44
110	1098	3	8.32
110	978	3	7.41
320	182	3	11.37
128	111	25	7.56
3157	594	3	40.62
884	2	5	30.26
157	587	3	12.71
183	205	4	10.89
148	14	146	16.91
130	1034	3	11.65
450	706	3	25.96
455	207	3	15.26
124	109	52	54.17
268	14	35	7.83
1	446	9	33.05
1147	127	4	19.13
501	102	7	7.96
593	259	4	29.25
21	2079	3	13.1
144	168	10	19.53
3229	143	3	24.39
103	2896	3	11.84
163	1165	7	63.07
397	101	10	12.12
21	744	7	28.96
136	721	6	31.69
3223	133	3	22.34
116	913	3	8.92
173	188	7	21.37
839	229	3	20.95
317	325	3	17.83
299	401	4	27.84
1501	120	5	32.98
151	109	46	105.74
1628	1	3	12.03
801	174	3	16.27
103	1159	4	7.13
142	870	3	13.14
2695	103	3	11.84
117	762	3	7.56
212	388	3	14.76
440	162	3	10.94
1402	135	3	14.73
114	860	3	7.14
1800	107	3	9.64
1255	106	3	8.22
125	510	5	16.78
549	102	8	12.6
145	218	6	13.72
401	299	4	27.84
383	125	21	149.32
1160	109	3	8.25
106	429	5	7.43
2	182	7	15.32
665	126	4	14.28
149	267	5	14.71
21	825	4	11.51
244	212	3	10.42
173	111	15	14.9
148	1321	4	26.18
588	112	7	24.12
689	135	4	16.46
108	325	6	7.73
114	2040	4	23.98
798	3221	3	42.45
1849	120	3	15.35
288	204	3	11.46
108	1532	3	9.89
269	580	7	62.76
108	1608	3	9.89
120	1985	3	15.35
628	123	3	7.85
164	14	108	7.66
187	133	7	9.43
110	844	5	17.15
1098	110	3	8.32
1026	122	3	10.02
166	131	8	7.15
1613	208	3	24.56
147	342	3	7.65
107	1126	3	7.09
492	110	4	7.08
113	592	4	8.72
270	161	4	11.43
101	1553	4	9.86
130	138	12	8.69
119	1711	3	13.01
291	120	6	11.36
109	950	3	7.34
1649	116	4	20.54
367	3123	3	37.14
102	2155	3	6.97
639	110	6	18.92
135	911	4	19.65
126	567	3	7.75
135	979	3	12.55
9	8	17	210.31
134	249	8	21.54
134	103	48	7.18
116	2939	3	19.08
246	886	9	101.07
234	191	3	8.3
139	277	4	9.04
281	103	16	23.67
116	137	33	50.81
106	939	5	16.71
106	991	4	10.97
13	1	43	197.46
121	718	3	7.74
21	358	5	7.07
109	625	4	8.78
1285	146	3	16.76
161	467	3	11.15
989	104	4	8.09
14	102	1449	19.64
625	109	4	8.78
231	101	46	167.82
135	2007	3	18.46
156	163	10	23.4
269	665	5	42.18
2209	307	4	47.62
1558	142	3	17.73
1306	103	4	8.75
109	642	12	69.6
113	1	48	23.11
112	968	3	7.68
9	16	3	9.96
125	867	4	16.14
181	3223	3	29.48
1627	21	4	18.43
112	1731	3	11.22
1064	108	3	7.33
106	1108	3	7.12
116	124	45	56.36
470	111	4	6.83
121	1010	3	9.83
105	376	7	12.32
305	161	6	24.88
208	1831	4	41.77
230	124	6	8.9
355	144	3	7.33
569	106	4	6.71
347	102	14	24.26
168	107	17	11.43
107	410	5	6.91
1312	120	3	11.68
216	202	4	13.26
731	2464	3	42.45
114	1425	3	9.97
1289	104	4	11.11
1928	102	3	6.97
2049	101	3	6.73
110	119	46	24.96
928	129	3	11.61
577	131	3	8.67
103	2205	3	7.64
112	279	17	56.87
124	133	42	86.96
1576	103	5	19.74
106	1474	3	9.67
1824	102	3	6.97
1314	21	6	35
187	118	8	6.78
857	185	3	18.27
400	102	8	6.84
132	306	4	7.94
608	130	3	8.95
121	564	4	11.34
13	1106	3	24.04
776	1560	3	35.72
135	506	3	8.43
151	281	7	27.66
575	254	3	19.54
101	731	6	9.73
125	165	10	9.42
119	597	6	21.8
444	374	3	21.65
132	2873	3	22.29
135	303	5	12.62
1685	145	5	40.95
276	131	4	6.7
104	1678	3	7.44
299	179	7	36.31
1975	106	3	11.76
2	12	15	25.8
150	777	3	13.61
101	2277	3	6.73
259	593	4	29.25
2207	194	4	40.41
172	668	3	15.29
106	1293	5	21.61
111	1522	3	11.13
128	280	5	9.77
269	159	3	6.85
123	744	7	36.53
1968	316	3	31.34
113	698	4	10.14
131	258	7	17.16
840	101	5	7.19
108	2209	4	21.8
266	405	3	17.72
220	270	3	11.68
1669	161	4	30.6
127	1142	4	19.13
998	150	3	15.19
138	1423	4	24.7
1	616	4	10.23
156	320	12	71.18
146	1171	4	23.87
378	146	5	19.14
616	1	4	10.23
12	115	40	61.4
625	147	7	42.59
1097	105	3	6.87
2894	409	3	38.1
110	431	5	9.25
117	212	9	12.76
103	2470	3	11.84
143	117	25	30.12
186	270	3	9.7
304	142	5	15.22
446	113	7	19.75
2931	110	3	17.43
130	286	7	19.49
161	3058	3	26.66
1021	116	7	38.65
109	2249	3	12.97
101	118	93	14.78
2560	102	3	11.13
453	102	9	12.61
147	1513	3	18.43
402	120	4	7.94
514	146	3	10.34
114	1428	3	9.97
102	2321	3	6.97
108	307	10	20.51
921	113	3	7.81
1971	113	3	13.48
120	800	4	13.36
101	694	6	8.38
1	1262	3	10.53
125	166	14	21.1
2346	103	3	11.84
151	138	20	53.66
422	121	4	8.68
132	243	5	8.54
101	2594	3	10.88
166	125	14	21.1
128	392	4	9.91
110	810	5	17.15
548	118	5	14.91
118	107	49	16.76
129	538	3	7.96
109	3091	3	17.35
313	208	5	26.66
1	161	16	14.83
1	113	48	23.11
218	145	6	13.72
127	991	7	44.01
196	288	3	10.99
112	2893	3	17.73
632	132	3	9.24
105	2024	3	11.49
1071	151	3	16.44
871	112	4	11.82
2874	109	3	17.35
153	102	40	19.99
106	531	6	14.26
111	104	102	42.01
174	187	5	12.22
135	314	4	8.93
108	426	5	7.75
2738	2442	3	54.67
125	420	6	19.43
227	103	20	22.24
174	277	5	19.79
431	110	5	9.25
172	834	3	16.69
191	108	13	11.46
188	173	7	21.37
212	1226	3	23.21
1008	185	3	19.13
158	739	5	30.61
119	1	33	12.24
145	327	3	6.93
102	120	88	16.68
126	811	3	10.11
135	253	5	9.85
1719	368	5	62.42
108	473	6	12.9
129	1389	6	43.93
124	554	3	7.15
1667	12	4	26.06
637	121	3	7.2
455	275	3	18.8
3244	130	3	21.98
269	146	5	13.91
112	548	5	12.28
104	2294	3	9.45
847	111	3	6.83
430	281	3	18.62
1151	108	3	7.33
109	124	52	54.17
1187	147	3	15.66
160	163	6	8.86
106	1255	3	8.22
821	168	3	16.26
111	1239	3	9.65
201	101	19	7.84
1181	114	3	8.83
101	2070	3	10.88
192	338	3	12.1
3250	104	3	13.74
164	112	15	10.94
140	125	12	6.97
135	584	3	9.31
219	272	5	25.16
259	126	11	34.53
2875	2102	3	50.17
120	2573	3	19.77
122	606	3	7.39
173	247	4	12.31
102	947	5	8.98
1564	101	4	9.86
152	523	3	11.25
119	997	4	15.34
101	133	55	6.63
597	119	6	21.8
150	418	3	9.5
277	21	7	9.62
1265	127	3	13.23
918	109	3	7.34
465	151	10	63.99
106	1974	3	11.76
142	304	5	15.22
21	1373	4	15.9
121	1679	3	13.47
506	135	3	8.43
479	101	7	6.66
102	1824	3	6.97
104	110	77	8.76
242	276	3	13.04
1574	1618	5	86.01
848	2874	3	43.21
108	1680	3	9.89
579	409	3	24.08
409	2894	3	38.1
201	1072	3	21.13
180	408	3	13.06
106	1717	4	16.63
225	192	3	7.95
105	1613	3	9.41
128	738	3	9.95
14	158	116	6.8
1827	827	4	58.23
952	116	7	38.65
101	2748	3	10.88
105	340	6	7.36
158	291	4	12.5
124	1655	3	14.42
139	344	3	6.94
213	524	3	16.61
2205	118	3	15.04
260	1236	6	68.22
939	106	5	16.71
799	162	3	14.76
689	2007	3	37.28
114	188	12	13.29
138	378	3	7.6
492	124	3	6.75
130	212	8	15.79
367	119	6	14.66
228	222	3	10.07
135	1099	4	21.14
158	563	9	64.18
158	495	4	18.31
1123	105	3	6.87
239	228	3	10.95
106	668	4	8.06
789	125	4	15.11
404	180	3	13.06
121	1109	3	10.78
946	136	3	12.9
488	543	6	60.74
1400	139	6	48.68
101	2879	3	10.88
493	146	3	10.34
689	979	3	31.2
464	113	4	6.64
108	1110	4	12.65
194	131	6	7.24
145	790	4	19.48
107	128	38	18.5
117	118	32	13.67
109	813	5	18.69
141	644	3	11.21
14	116	390	8.78
985	158	3	16.1
354	253	3	15.85
274	221	3	11.97
148	112	18	10.74
2216	104	3	9.45
1695	106	3	11.76
2316	125	3	16.71
580	116	11	59.18
146	1819	3	20.51
2227	102	3	6.97
141	348	4	11.94
219	520	4	25.26
136	979	3	12.9
376	105	7	12.32
646	165	3	13.79
209	186	3	6.97
185	857	3	18.27
106	565	4	6.71
116	763	3	7.46
629	131	3	9.17
2331	138	3	24.19
116	659	6	22.08
188	125	7	7.34
1036	135	3	12.55
108	392	5	6.79
3010	130	3	21.98
112	1190	3	8.6
108	528	7	19.72
113	1749	5	29.81
107	1059	4	12.32
2203	112	3	13.34
101	840	5	7.19
101	2520	3	10.88
121	595	5	16.7
979	114	3	7.91
691	117	3	6.97
111	449	7	19.25
3077	1289	3	46.35
136	2007	3	18.82
133	312	4	8.27
451	149	3	10.06
111	1162	7	41.21
116	1791	5	31.83
103	2695	3	11.84
201	126	9	15.52
241	351	23	269.16
2564	286	3	34.96
114	619	4	9.52
2187	107	3	11.73
111	1197	3	8.51
567	158	3	12.75
196	416	3	13.98
326	112	12	37.87
3007	181	3	29.48
104	642	12	55.06
101	1948	3	6.73
124	147	22	36.84
101	1896	3	6.73
232	186	3	8.14
103	1133	5	11.96
444	110	6	14.04
1165	163	7	63.07
104	2129	3	9.45
146	2648	3	24.98
665	580	4	40.13
3122	125	3	21.15
262	2318	4	45.24
102	2701	3	11.13
200	102	19	8.74
481	150	5	23.22
102	3032	3	11.13
1554	106	3	9.67
1374	158	3	18.31
3077	102	3	11.13
106	2770	3	16.12
103	1390	4	8.75
114	1732	4	19.08
126	645	3	8.25
2321	101	3	6.73
1730	149	4	29.06
1108	103	4	7.13
145	186	5	6.86
471	2453	3	39.23
269	126	6	12.1
1157	103	4	7.13
120	1849	3	15.35
218	140	5	9.46
3040	129	3	21.93
1917	102	3	6.97
999	106	6	23.54
844	120	3	8.77
152	1373	6	52.02
14	131	234	7.69
3228	155	3	26.36
980	115	3	8.46
656	138	3	11.01
101	2862	3	10.88
109	1933	3	12.97
2469	103	3	11.84
155	560	4	19.36
130	1333	6	44.03
101	494	7	8.47
1369	109	3	9.38
126	269	6	12.1
1699	112	3	11.22
134	282	4	7.19
101	239	14	6.85
2344	109	3	17.35
484	386	4	32.19
262	457	4	26.78
102	917	8	29.69
402	162	3	10.61
1007	109	3	7.34
478	102	8	10.22
798	119	3	7.91
139	2873	3	24.29
131	458	6	22.97
761	101	7	14.24
1105	117	3	9.97
687	226	4	28.52
1749	113	5	29.81
420	125	6	19.43
2079	21	3	13.1
142	3016	3	24.39
212	674	5	37.59
103	880	8	25.62
439	123	5	14.2
