163	132	6	21.17
181	109	3	4.7
3235	14	3	12.04
1902	14	3	7.83
222	228	3	21.1
103	206	4	4.01
201	106	4	8.14
141	395	4	27.78
105	1100	4	26.79
2906	14	3	12.04
372	124	4	22.84
205	159	5	29.25
140	122	6	12.77
122	166	3	5.25
1693	14	3	5.89
2882	14	3	12.04
134	160	3	6.61
16	103	8	7.11
142	101	47	145.28
110	443	3	12.74
123	139	8	22.33
2804	1109	3	56.48
179	1	5	13.43
234	135	4	18.79
9	14	8	8.66
105	134	8	7.53
131	163	7	26.65
13	224	43	604.77
162	440	3	22.02
125	2208	3	28.03
1379	14	4	9
336	101	7	22.58
2102	147	3	31.98
2900	122	3	31.64
101	1564	3	15.07
657	122	3	18.23
102	1868	3	17.75
127	123	5	5.89
107	2816	3	27.46
2330	146	3	36.24
286	102	5	10.91
347	108	5	22.3
149	111	4	4.28
135	412	4	26.24
2976	14	3	12.04
407	104	5	20.38
125	14	63	13.75
107	914	4	25.62
112	194	5	14.07
103	361	4	10.84
114	722	4	24.75
365	335	3	30.45
118	111	19	37.53
1862	101	3	17.25
128	270	3	12.95
1339	14	3	4.59
103	485	6	25.68
192	109	4	8.7
879	122	4	29.88
229	407	4	38.86
2196	14	3	7.83
159	109	5	8.11
2302	14	3	7.83
240	121	3	10.09
145	183	3	11.08
706	450	3	37.31
174	110	8	23.99
109	143	8	14.51
181	133	5	19.95
114	1048	3	19.79
681	160	3	25.12
104	381	3	8.44
156	140	3	8.11
102	837	3	11.04
2871	14	3	12.04
377	14	11	17.99
173	706	3	26.73
101	312	10	37.67
104	277	4	9.99
147	108	9	17.21
409	14	14	35.76
1401	14	3	4.59
207	108	10	39.4
291	101	5	10.48
127	147	7	20.8
438	14	10	17.73
514	297	3	31.54
203	102	6	8.09
114	1134	3	19.79
105	254	9	40.22
186	101	7	8.24
141	647	4	32.48
156	125	3	5.38
113	266	3	9.26
719	14	8	20.1
1645	14	4	11.34
128	106	7	4.68
1015	14	6	15.67
160	116	6	14.73
170	321	3	20.69
119	110	30	83.33
154	106	5	6.25
2100	14	3	7.83
321	262	4	38.11
556	146	3	22.24
106	418	4	17.35
106	359	8	44.69
105	1021	3	16.74
1328	14	5	14.96
449	114	3	13.66
118	132	9	18.22
1361	14	6	24.09
102	936	3	11.86
2142	14	3	7.83
102	1072	3	12.84
107	539	3	13.14
150	481	5	41.92
127	153	8	28.75
114	3045	3	29.29
110	206	6	19.53
101	1595	3	15.07
1131	14	4	7.36
104	379	3	8.44
719	112	3	16.34
359	1	3	12.68
186	159	3	13.24
167	110	4	6.11
116	143	52	324.11
2881	14	3	12.04
646	14	11	37.58
1704	14	4	11.34
536	14	5	4.42
129	101	46	102.06
1652	122	5	52.75
2554	332	3	47.96
153	135	4	10.97
181	123	20	128.93
611	14	8	18
505	14	5	3.86
2442	2739	3	66.04
113	1020	3	18.74
104	631	3	11.89
103	391	5	16.82
103	443	3	7.62
102	426	4	11.23
195	181	3	16.67
219	259	6	54.07
105	1032	3	16.74
444	14	6	5.19
316	101	8	26.08
1765	133	3	26.97
200	108	11	44.4
1539	142	3	29.05
860	114	3	17.93
273	114	4	14.89
400	122	4	22.34
118	126	6	6.49
867	125	4	31.06
241	151	23	228.58
141	289	6	41.3
181	138	3	10.75
121	119	7	7.39
312	104	3	7.01
103	1576	5	38.68
188	135	3	9.77
2811	14	3	12.04
110	1123	3	19.21
992	14	8	32.12
470	120	4	23.57
101	350	4	8.7
152	159	15	97.67
103	737	3	11.28
2241	14	3	7.83
733	101	4	15.79
104	193	7	15.39
134	193	3	9.71
402	101	3	5.99
890	14	9	36.14
2208	14	4	16.06
103	604	5	22.68
110	485	3	13.48
186	132	3	9.23
1816	112	3	22.41
938	14	4	6.12
117	262	3	10.14
131	268	5	27.54
2193	14	3	7.83
1271	14	3	4.59
3066	14	3	12.04
967	14	6	15.67
1350	122	5	47.36
168	111	4	6.4
102	958	7	45.83
122	255	3	10.85
210	106	3	5.15
118	247	3	9.95
187	114	3	5.4
118	101	24	13.11
118	172	4	9.01
1718	14	5	20.08
220	2182	3	38.73
633	14	6	9.19
101	736	3	9.85
125	160	4	9.32
172	611	3	25.94
198	156	12	90.66
294	146	3	16.86
148	137	3	6.74
153	108	12	33.42
111	259	3	8.65
592	21	6	39.92
191	102	18	56.12
1791	14	5	20.08
125	409	7	51.08
169	113	18	83.34
101	699	3	9.24
481	116	3	15.18
691	14	9	26.28
1656	14	4	11.34
104	306	3	6.81
3030	14	3	12.04
724	180	3	27.82
122	110	9	8.47
162	228	3	16.03
123	132	8	17.57
868	14	7	19.15
253	110	4	13.07
110	534	4	21.7
697	102	3	9.71
346	14	22	75.17
123	258	3	11.49
267	149	3	16.54
252	128	3	12.3
849	172	3	27.97
103	1986	3	18.75
101	472	9	43.55
3038	14	3	12.04
131	121	6	8.94
2157	14	4	16.06
845	104	3	13.83
175	106	4	5.72
1149	14	4	7.36
203	111	3	6.02
104	228	5	11.29
130	143	14	60.19
955	948	3	44.87
406	109	5	26.16
490	14	14	44.74
628	14	8	18
214	114	4	11.17
2442	2738	3	66.04
105	979	3	16.74
132	138	3	4.47
101	833	3	10.56
125	130	5	7.12
102	501	3	7.79
102	308	9	33.15
163	145	3	8.72
2	161	8	35.64
129	102	30	47.63
2659	14	3	12.04
1790	14	3	5.89
160	139	15	89.46
430	14	11	22.13
125	484	4	25.49
121	288	3	12.01
105	675	4	22.02
459	14	8	11.21
173	135	3	8.41
1653	14	3	5.89
132	180	3	8.85
1053	101	3	12.35
178	101	9	12.5
102	1289	3	14.03
212	172	4	24.06
1684	14	4	11.34
109	410	3	12.38
548	14	11	30.49
3029	14	3	12.04
2092	14	3	7.83
217	118	3	8.57
161	128	3	6.08
105	1117	4	26.79
127	110	10	13.72
111	997	4	27.55
126	593	4	27.46
189	118	5	16.14
245	14	13	9.06
108	1052	3	18.12
110	360	6	31.93
14	2	41	8.49
283	726	3	33.92
642	108	4	21.7
280	14	32	119.89
3131	14	3	12.04
122	153	5	11.85
111	872	3	17.56
168	158	3	11.22
497	187	3	26.11
107	466	4	18.34
101	227	9	20.89
227	1007	4	47.14
256	116	3	9.9
151	2126	3	32.6
1819	146	3	31.75
127	117	6	6.35
374	581	3	34.78
117	143	18	70.25
127	369	3	15.39
3058	12	3	33.71
130	550	3	18.89
1681	112	3	22.41
165	106	5	7.17
2328	14	4	16.06
1138	14	7	28.11
108	491	3	12.42
327	145	3	17.67
145	166	3	8.97
163	125	7	24.29
665	269	5	61.1
1701	14	4	11.34
320	156	11	104.1
103	426	6	24.02
104	654	4	18.45
106	1554	3	20.76
133	137	5	11.42
118	102	25	17.49
1019	102	4	18.71
1472	14	4	11.34
106	137	15	36.54
149	102	41	137.29
102	443	4	11.23
151	129	3	5.39
101	735	5	22.57
519	142	7	62.94
219	337	3	25.17
824	203	4	44.01
173	108	16	64.02
106	124	8	5.32
1628	109	4	33.26
1406	14	4	9
195	104	14	51.14
268	123	21	179.28
1371	14	5	14.96
133	124	40	220.23
128	119	6	7.51
109	114	16	19.41
1639	14	4	11.34
218	162	5	31.18
154	119	3	4.03
155	965	5	52.4
102	737	3	10.33
139	133	3	4.57
989	14	7	22.37
103	907	3	12.83
1513	147	3	29.75
107	1266	3	19.21
235	14	13	7.33
122	109	14	22.58
106	732	3	15.37
918	14	4	6.12
1976	14	4	16.06
126	495	3	17.66
139	385	5	36.53
102	485	4	12.2
154	179	6	33.12
1080	14	4	7.36
1160	14	7	28.11
102	1513	3	15.57
105	1915	3	22.74
114	415	4	19.74
795	117	4	27.35
130	592	3	19.38
894	102	3	11.04
110	444	5	27.46
167	123	3	5.96
1710	14	4	11.34
131	162	6	20.83
131	313	3	14.93
152	140	9	42.04
189	520	3	26.29
151	992	4	38.41
216	124	11	65.12
101	337	3	4.75
168	145	4	14.64
155	137	8	35.52
778	14	9	29.93
3097	225	3	43.47
2608	14	3	12.04
257	101	10	30.06
472	731	3	38.39
439	14	10	17.73
1429	14	4	9
1770	14	4	11.34
168	102	14	26.47
478	121	3	16.12
189	104	6	11.24
155	124	14	64.75
122	147	6	14.12
131	254	3	12.7
718	14	5	6.65
1648	14	5	20.08
139	180	3	10.7
152	125	3	4.95
113	223	4	11.83
545	14	12	37.28
103	822	3	12
123	125	10	22.61
323	104	3	7.44
110	376	3	11.78
219	1321	4	50.08
2136	14	4	16.06
105	743	5	31.62
121	106	8	3.89
102	339	9	35.62
145	110	8	14.87
101	622	4	14.08
244	14	11	5.13
132	109	7	7.38
1325	14	4	9
1217	109	3	20.42
118	158	3	4.11
605	104	3	11.89
1420	119	3	22.64
212	291	3	23.3
777	225	3	31.26
487	288	3	30.9
2179	14	3	7.83
120	1082	3	21.55
861	149	3	25.45
109	262	3	8.43
118	116	19	46.05
548	112	3	14.73
112	149	4	4.45
2989	122	3	31.64
189	299	3	22.04
1729	14	3	5.89
122	138	15	57.24
104	202	8	21.21
307	757	4	49.33
2456	2150	3	61.54
489	158	6	54.89
12	108	8	8.03
186	145	3	11.31
105	238	3	6.19
1428	149	4	41.57
106	1096	4	27.1
1405	116	3	22.18
1879	14	3	7.83
152	102	14	19.92
1498	106	4	31.62
111	784	6	44.49
105	209	3	4.87
2376	120	3	31.07
186	102	5	4.03
143	259	3	15.12
452	14	7	7.96
104	229	3	4.14
104	114	57	136.94
134	114	17	47.25
101	260	19	87.25
102	2143	3	17.75
266	1	3	9.91
2788	14	3	12.04
1209	14	6	18.64
151	14	79	144.85
829	253	3	33.44
102	361	3	5.62
1033	14	8	32.12
140	106	9	14.88
102	496	3	7.79
852	175	3	28.36
120	2622	3	31.07
138	2337	3	35.56
101	1999	3	17.25
164	118	3	4.47
1346	14	5	14.96
3205	14	3	12.04
241	304	5	47.8
181	117	5	15.05
196	326	3	23.42
121	270	4	17.37
2738	2524	3	66.04
276	106	3	7.96
370	138	4	26.67
125	204	16	104.96
102	349	3	5.39
246	14	14	11.36
2224	14	3	7.83
294	430	3	30.33
118	142	4	5.05
128	110	18	45.06
3028	14	3	12.04
114	883	3	17.93
1129	116	3	20.95
129	14	74	39.99
2126	14	4	16.06
1008	14	4	6.12
2995	14	3	12.04
111	2947	3	28.92
1216	14	3	4.59
2323	122	3	27.15
121	133	5	6.16
154	110	8	19.1
161	1669	4	45.75
1017	119	4	30.2
102	758	3	10.33
582	14	12	41.43
111	847	3	17.56
1654	14	3	5.89
529	118	4	24.48
111	3260	3	28.92
123	157	3	5.11
323	134	3	15.65
156	114	4	5.59
113	152	18	72
165	138	3	8.55
329	101	3	4.54
171	244	4	26.31
113	507	9	67.75
130	219	3	10.9
1789	14	4	11.34
799	14	9	29.93
197	102	14	38.92
1756	14	4	11.34
162	102	14	23.31
105	571	3	13.38
216	108	3	5.56
425	110	5	26.81
155	108	5	6.45
230	101	5	6.76
101	308	7	20.81
764	14	4	4.33
108	745	5	32.26
104	139	14	24.5
104	273	3	5.76
113	358	6	32.38
110	565	4	22.38
138	135	5	12.64
123	160	5	13.12
103	736	4	17.74
102	729	3	10.33
520	14	5	3.86
2073	119	3	26.44
116	101	37	38.74
126	850	3	21.16
145	122	10	31.31
125	367	3	15.17
2276	14	3	7.83
2937	14	3	12.04
102	1596	3	15.57
129	143	11	41.7
103	378	5	16.31
345	14	11	14.81
2187	14	4	16.06
110	752	3	16.61
1300	14	3	4.59
101	2464	3	21.69
850	101	3	10.56
1650	120	4	36.44
426	119	3	14.88
276	133	10	72.27
121	109	7	3.97
132	106	7	5.41
102	445	3	7.05
103	1119	4	21.51
2313	122	3	27.15
1230	14	3	4.59
600	14	11	33.59
104	220	4	6.88
113	489	3	14
1640	14	5	20.08
217	162	3	15.54
162	140	5	18.9
172	491	3	24
203	130	3	9.97
119	706	3	18.13
126	259	7	40.45
105	181	4	6.58
110	544	4	21.7
202	108	3	4.85
109	848	3	17.33
101	1199	3	12.35
844	14	4	5.14
1778	14	3	5.89
123	187	5	17.92
123	129	4	3.93
138	108	7	8.8
113	134	7	8.65
102	683	4	15.53
179	126	4	12.24
101	443	3	6.29
107	238	13	66.41
351	14	11	15.79
243	112	5	18.69
131	104	49	171.63
271	130	3	13.12
2236	102	3	17.75
1625	14	4	11.34
203	114	4	10.52
104	101	72	53.34
113	387	3	12.3
177	14	60	152.16
120	2063	4	41.43
144	128	8	25.25
214	111	3	6.48
201	110	6	18.95
173	110	6	14.52
2948	14	3	12.04
188	315	3	22.31
498	1	3	15.1
3082	14	3	12.04
102	227	12	36.66
859	14	7	19.15
1355	14	3	4.59
102	742	4	16.44
700	124	4	28.78
211	291	7	67.75
336	143	4	26.19
101	1305	3	13.54
274	14	29	89.55
1326	14	3	4.59
104	111	74	206.92
104	242	7	21.51
101	339	4	8.39
125	772	3	20.37
2547	156	3	37.84
2135	14	3	7.83
122	106	20	37.51
162	116	3	4.02
105	451	4	18.02
125	220	4	15.75
575	14	8	16.24
717	14	6	10.37
1647	14	4	11.34
1532	14	4	11.34
2298	112	3	24.62
212	130	6	29.24
158	1825	3	33.44
192	135	3	9.93
198	102	5	4.86
1577	117	3	23.84
121	147	4	6.4
169	102	11	16.76
835	14	4	5.14
403	14	9	12.74
209	253	3	21.44
3010	108	3	27.61
103	312	3	5.38
138	656	3	22.11
166	180	3	13.45
108	1372	3	19.35
369	594	4	48.85
102	532	3	8.2
1709	14	4	11.34
1159	14	6	18.64
107	573	7	46.3
189	169	4	21.77
386	484	4	47.32
122	149	3	3.92
142	143	7	25.84
2304	14	3	7.83
113	121	20	46.71
110	549	3	14.34
2167	14	3	7.83
1297	14	3	4.59
195	1021	4	44.62
104	132	16	22.8
138	388	4	27.51
2215	14	3	7.83
176	545	13	167.16
189	121	5	17.07
105	165	6	10.02
185	128	3	8.7
101	412	3	5.99
101	496	3	7.33
113	169	9	28.89
1239	14	3	4.59
147	359	3	19.03
12	110	6	5.13
198	140	3	11.8
1254	113	3	20.97
362	121	4	21.24
2568	12	3	33.71
105	612	4	21.19
674	14	7	14.84
121	180	3	6.86
169	140	3	9.31
299	113	19	148.61
979	135	3	23.71
187	102	5	4.03
214	139	3	12.65
118	187	5	15.88
923	101	3	11.38
1202	113	3	19.75
214	126	3	9.73
133	108	7	5.69
102	1125	3	12.84
393	14	9	11.78
776	106	4	23.26
120	2047	3	26.58
112	250	3	8.38
758	14	5	7.65
361	14	8	7.32
184	126	6	24.13
106	108	71	215.05
174	210	5	32.78
145	135	7	22.84
1730	14	4	11.34
107	734	3	15.39
2888	14	3	12.04
222	102	10	25.98
637	14	11	37.58
1570	304	3	40.25
847	117	3	19.16
109	101	45	40.73
160	114	6	12.7
267	153	3	17.29
113	215	7	27.36
635	123	7	58.85
510	125	4	26.08
2943	14	3	12.04
243	127	5	24.52
131	118	16	48.95
179	111	3	4.52
504	965	3	40.45
675	129	3	20.45
863	122	3	20.24
101	206	5	4.85
2180	14	4	16.06
803	827	4	61.03
105	466	3	11.67
567	660	3	39.11
103	1045	3	13.81
329	111	3	10.93
16	105	9	19.12
105	452	4	18.02
146	109	50	285.31
425	123	3	16.07
101	533	3	7.74
802	151	7	77.23
139	194	4	17.72
337	176	3	21.84
101	593	4	13.36
106	999	4	25.59
131	165	5	16.03
105	198	3	4.31
110	393	4	18.53
123	192	8	36.68
1027	14	6	15.67
128	123	16	53.42
976	102	4	18.71
294	244	5	47.55
112	374	3	12.16
103	260	6	14.93
2070	101	3	17.25
1909	113	4	39
702	14	5	6.65
945	102	3	11.86
958	274	3	35.17
615	117	3	17.16
335	101	7	22.58
449	111	7	44.67
821	14	4	5.14
187	126	3	8.23
200	124	3	8.86
1226	104	3	16.88
119	135	10	24.12
1222	101	5	30.8
163	114	4	6.08
121	166	5	12.92
110	940	3	18.2
102	1611	3	15.57
1723	14	5	20.08
113	122	9	9.61
165	110	5	8.86
113	179	9	32.42
103	615	5	22.68
103	819	3	12
120	436	3	15.01
656	146	3	22.79
105	118	11	7.73
161	1183	4	41.2
2907	14	3	12.04
150	205	8	52.35
798	112	3	17
162	132	3	6.64
946	14	4	6.12
2152	14	4	16.06
104	258	3	5.19
2228	122	3	27.15
3234	14	3	12.04
102	835	3	11.04
520	113	5	29.82
111	806	4	26.29
3138	14	3	12.04
105	1386	3	18.96
3221	14	3	12.04
110	499	5	28.93
1362	14	4	9
113	168	4	6.75
104	458	3	9.69
101	1515	4	23.97
2079	110	3	24.22
319	127	4	21.54
1702	130	3	26.64
2099	14	3	7.83
130	1379	3	25.06
111	376	4	18.4
272	219	5	43.89
132	119	6	8.27
149	114	8	18.45
1675	14	4	11.34
317	104	3	7.22
720	14	9	26.28
170	102	15	31.33
1764	14	3	5.89
161	2226	3	33.54
1797	14	5	20.08
1431	14	5	14.96
155	931	3	27.17
553	594	3	37.45
158	671	4	36.22
107	689	4	22.35
119	108	47	156.05
102	312	3	4.56
126	803	3	21.16
376	14	8	7.96
174	329	3	21.45
1029	104	3	14.68
163	156	10	59.29
109	102	55	73.56
772	14	9	29.93
2281	1	3	25.46
148	108	14	38.87
103	532	4	14.62
641	106	3	14.14
118	202	3	7.59
1566	14	3	5.89
990	130	3	22.81
1712	14	5	20.08
481	14	6	5.8
2870	14	3	12.04
103	1303	3	15.02
322	245	3	26.01
2958	14	3	12.04
456	104	4	15.33
104	116	15	8.72
1158	14	5	12.28
235	115	3	8.47
110	261	12	68.8
108	1876	3	23.13
538	120	3	16.64
308	14	9	6.96
1	2	7	12.15
1353	14	4	9
122	1000	3	21.1
1018	133	4	33.87
178	143	4	16.24
727	146	3	24.06
991	14	8	32.12
1026	14	5	10.36
577	110	3	14.83
197	101	9	16.11
2337	208	3	42.54
826	12	7	69.26
1668	14	3	5.89
104	125	21	32.82
711	14	5	6.65
1850	1275	4	78.12
597	14	13	52.21
230	219	3	21.11
101	2707	3	21.69
131	181	6	25.94
849	14	4	5.14
101	517	5	17.61
2675	14	3	12.04
409	579	3	35.43
949	138	3	25
113	314	3	10.78
103	735	3	11.28
103	683	3	10.65
186	156	3	13.14
105	104	56	98.11
1435	14	5	14.96
105	167	5	7.47
131	271	3	13.35
101	502	4	12.12
301	114	3	10.4
130	1121	3	23.82
152	113	6	11.48
101	307	6	15.49
134	140	4	8.21
1703	14	4	11.34
2880	14	3	12.04
263	102	9	26.96
104	140	9	9.5
1009	122	3	21.1
192	106	3	4.06
1132	14	5	12.28
2326	14	3	7.83
2920	14	3	12.04
132	298	3	14.36
132	179	7	31.54
392	119	7	46.48
121	182	5	16.41
356	123	4	21.8
103	227	16	64.15
1667	102	3	15.57
800	101	5	22.57
108	239	10	45.63
317	118	3	12.5
158	899	3	27.37
12	884	6	56.07
214	155	3	14.64
258	21	3	8.44
396	102	3	6.14
3000	14	3	12.04
153	110	8	18.87
2	131	6	15.05
145	106	6	6.44
3031	14	3	12.04
1690	14	3	5.89
171	1219	3	30.97
152	114	5	8.1
165	166	5	23.94
123	114	16	34.54
1655	14	4	11.34
583	14	12	41.43
390	118	3	14.12
1761	14	3	5.89
827	14	4	5.14
104	145	11	15.59
147	124	18	85.05
134	145	10	38.25
139	371	4	26.81
147	1401	3	28.17
411	106	3	11.2
1792	14	5	20.08
798	14	5	7.65
126	498	8	66.31
367	14	19	59.65
473	1007	4	56.67
134	102	19	19.14
207	124	3	9.13
235	101	5	6.94
147	137	9	38.38
342	123	8	55.45
104	102	97	126.95
123	130	8	16.85
107	1520	3	20.77
1717	14	4	11.34
2890	14	3	12.04
117	101	50	77.71
220	114	3	7.2
106	946	4	25.59
190	578	4	39.06
1278	151	3	28.79
484	14	13	37.63
139	135	5	12.8
105	780	3	15.15
107	749	3	15.39
169	159	6	31.08
570	101	3	8.19
526	208	3	28.01
324	417	3	31.13
198	111	3	5.69
181	106	4	6.84
2930	14	3	12.04
144	127	4	7.15
1146	158	3	28.39
1305	14	3	4.59
112	117	9	7.08
125	155	4	9.04
158	944	4	39.54
102	549	6	25.68
388	208	4	36.8
968	14	7	22.37
822	119	5	39.25
1315	14	3	4.59
123	315	3	13.54
886	14	6	13.5
3201	14	3	12.04
105	170	4	4.89
131	276	4	20.64
105	500	5	26.49
110	1437	4	30.68
432	124	3	16.26
125	691	3	19.7
2114	14	3	7.83
126	535	3	18.11
199	118	5	17.16
3016	14	3	12.04
104	194	4	5.2
127	111	12	20.73
166	160	3	10.89
254	187	3	20.02
118	123	11	21.36
110	612	3	15.36
132	125	5	7.53
1642	14	3	5.89
295	102	4	7.34
102	468	3	7.41
103	1250	3	15.02
145	126	3	3.89
1374	14	6	24.09
196	104	5	8.44
148	219	17	144.69
181	226	5	36.02
109	108	42	100.46
124	492	3	17.44
104	885	3	13.83
349	14	9	9.39
327	123	3	14.01
119	102	81	221.09
106	2794	3	27.45
111	335	4	17.27
272	108	10	51.41
1689	122	3	24.93
106	101	148	392.83
138	1819	3	31.07
2877	14	3	12.04
3149	1756	3	59.31
157	135	6	21.51
335	120	4	20.03
102	1268	3	14.03
161	645	3	24.57
133	101	31	50.26
114	296	4	15.9
211	558	3	28.73
147	143	6	21.68
104	179	6	9.75
109	1005	3	18.18
1170	14	6	18.64
122	116	6	4.7
2296	14	3	7.83
105	471	3	12.05
162	106	4	4.12
126	540	4	26.77
525	184	3	25.95
134	122	17	59.66
139	155	3	7.99
150	121	12	45.27
243	118	4	15.34
131	127	5	7.74
2175	14	4	16.06
136	1177	3	25.12
167	158	3	11.16
165	193	3	14.08
1955	14	3	7.83
277	14	10	6.3
228	110	3	7.13
161	320	13	129.97
1368	14	3	4.59
2997	14	3	12.04
110	451	5	27.46
262	245	3	23.79
707	125	3	19.7
2093	14	3	7.83
117	1449	3	23.84
2794	14	3	12.04
154	114	4	5.49
128	114	10	16.38
580	14	13	52.21
593	457	3	36.16
313	102	6	16.85
462	14	9	14.94
112	187	3	5.25
1758	14	5	20.08
738	128	3	21.01
12	1667	4	39.97
178	137	5	21.76
159	139	4	13.04
1787	14	5	20.08
102	478	5	17.68
132	102	35	69
824	286	3	34.88
689	117	4	26.4
126	916	3	22.02
178	124	15	85.27
101	809	3	10.56
1407	122	3	23.35
1219	129	3	24.99
102	1298	3	14.03
111	1384	5	42.84
109	135	11	21.28
102	348	5	13.82
204	184	10	83.48
629	14	10	29.92
163	123	3	5.45
2864	14	3	12.04
1101	14	5	12.28
105	128	14	22.87
424	108	4	18.02
114	395	5	26.58
103	761	3	11.28
161	168	3	11.31
161	251	6	42.53
1423	138	3	27.26
105	549	3	12.9
110	1568	3	22.01
122	155	4	8.02
675	104	3	12.46
3157	14	3	12.04
118	109	14	19.58
103	569	3	9.58
434	114	3	13.3
232	111	3	7.44
101	1975	3	17.25
101	624	11	72.75
1461	101	3	15.07
1343	14	3	4.59
2	136	4	8.39
2115	14	4	16.06
164	407	4	31.74
800	120	3	18.93
3003	14	3	12.04
128	192	3	8.93
703	123	3	19.33
1613	2150	3	54.81
123	180	3	7.49
131	157	29	194.68
150	152	17	109.97
139	125	21	101.58
108	938	3	17.12
162	283	3	18.38
105	544	3	12.9
190	163	10	71.07
126	2817	3	32.56
127	126	8	16.42
199	104	8	20.71
123	434	4	23.94
263	135	3	13.66
756	14	4	4.33
134	108	8	8.27
122	102	39	61.35
150	358	5	37.74
131	112	10	17.03
156	166	3	10.75
123	138	6	13.42
193	114	3	5.69
186	123	8	36.22
113	854	5	36.46
2316	14	4	16.06
1142	14	7	28.11
419	102	3	6.42
791	126	4	30.03
106	1257	3	19.19
790	145	4	34.47
191	110	3	5.06
119	292	3	11.73
159	132	4	10.61
102	435	6	22.09
111	470	4	20.77
118	153	12	45.47
1385	138	4	39.81
121	142	4	5.66
121	193	5	17.35
163	153	3	10.31
2	105	19	51.92
1818	146	3	31.75
604	104	3	11.89
145	132	5	12.28
107	806	3	16.13
102	239	5	7.79
1324	14	5	14.96
313	116	5	25.19
110	1085	4	28.77
144	165	3	8.8
138	2331	3	35.56
1011	14	4	6.12
112	14	279	474.74
102	494	4	12.75
158	2349	3	37.94
200	143	6	32.5
216	101	11	27.73
108	699	4	22.53
122	125	6	7.61
404	121	3	15.02
1680	14	5	20.08
1649	14	4	11.34
114	289	3	10.01
104	119	21	24.03
138	294	3	16.2
167	102	10	13.03
105	327	4	14.76
2530	281	3	46.13
229	839	3	32.28
493	245	3	29.58
116	108	20	31.84
398	111	3	12.29
107	1624	3	20.77
104	386	3	8.44
103	625	3	10.09
117	283	3	10.99
1341	101	3	13.54
297	114	3	10.2
1031	140	3	25.14
127	101	29	36.39
263	108	3	7.47
127	172	3	6.9
1707	14	4	11.34
103	1002	3	12.83
107	392	9	55.17
134	135	11	38.35
102	1095	5	28.72
146	130	5	12.31
256	104	3	5.19
305	175	3	20.8
155	101	11	11.3
210	114	3	6.7
122	191	5	17.39
1128	14	6	18.64
102	1230	3	14.03
157	122	4	8.19
744	123	7	62.91
2	150	15	81.29
1180	117	3	21.03
1360	14	4	9
219	2849	3	43.22
1380	468	3	42.28
154	142	4	12.92
118	417	3	14.44
2150	122	4	42.19
1329	14	4	9
103	239	7	17.17
103	494	3	8.7
1191	14	6	18.64
2101	14	3	7.83
101	1976	4	28.92
118	110	26	64.43
132	111	8	10.52
149	110	6	9.86
1644	14	4	11.34
377	121	3	14.39
151	781	3	24.91
102	897	5	24.84
314	113	6	30.24
104	210	4	6.25
340	102	3	5.16
136	1197	4	36.68
1795	14	3	5.89
325	130	3	15.18
12	2932	3	33.71
103	823	4	18.79
788	122	5	38.94
776	1729	3	47.1
185	104	19	77.24
774	14	6	11.78
116	283	3	10.91
117	108	20	32.32
138	102	16	18.81
479	14	6	5.8
150	1332	3	28.7
127	140	7	19.15
300	236	3	24.88
107	1071	3	17.98
211	1824	3	38.26
324	305	3	28.65
144	118	6	11.64
12	713	4	30.6
160	109	6	11.66
124	431	3	16.26
104	1006	3	14.68
105	713	3	14.5
174	132	3	7.99
101	1998	3	17.25
126	1827	3	28.07
3209	14	3	12.04
226	14	21	25.49
3174	14	3	12.04
1307	14	4	9
3158	14	3	12.04
1969	14	3	7.83
745	101	4	15.79
119	111	9	7.47
169	122	4	9.66
376	104	3	8.44
358	102	3	5.39
486	112	5	28.83
2122	14	3	7.83
198	122	3	8.04
129	110	8	9.31
123	266	4	18.29
594	14	11	33.59
193	160	3	13.62
2333	146	3	36.24
103	2070	3	18.75
102	672	3	9.71
239	428	3	27.94
1111	101	3	12.35
122	126	5	5.05
122	175	4	10.42
123	399	5	31.26
104	288	3	6.25
127	145	8	24.4
130	108	23	61.84
127	102	27	34.29
1030	102	4	18.71
122	139	5	9.03
817	292	3	35.09
101	238	7	14.08
101	491	5	16.88
1725	14	4	11.34
2885	14	3	12.04
165	114	5	9.67
113	247	3	8.5
123	166	5	14
111	1399	3	20.66
108	1245	3	19.35
183	14	46	93.12
1178	14	6	18.64
1617	1574	5	104.96
145	116	5	7.77
1143	14	5	12.28
101	929	6	34.5
116	825	3	19.08
3092	14	3	12.04
977	14	8	32.12
102	466	3	7.05
103	435	3	7.62
288	14	30	111.98
201	142	7	40.18
118	117	12	19.73
101	303	4	7.02
3216	14	3	12.04
411	125	4	23.95
122	132	13	38.14
127	158	8	29.5
104	270	5	14.07
775	113	4	25.63
1182	14	4	7.36
3033	14	3	12.04
126	333	3	14.66
114	1370	5	43.45
105	682	3	14.5
174	101	8	8.33
1657	14	4	11.34
585	14	10	26.97
145	125	4	6.98
694	14	10	33.74
1688	14	3	5.89
153	114	5	8.54
201	129	3	9.72
254	114	3	8.69
103	478	6	25.68
159	102	8	5.94
107	1104	5	37.45
106	219	7	24.19
111	2899	3	28.92
560	155	4	34.33
132	139	3	4.55
106	102	54	53.62
144	167	4	14.48
144	104	23	62.36
273	135	3	14.17
1113	119	3	21.41
148	101	45	149.39
103	348	5	15.36
486	14	11	25.74
1608	14	3	5.89
2329	146	3	36.24
632	14	11	37.58
2859	14	3	12.04
870	102	3	11.04
1715	14	4	11.34
150	630	5	45.48
119	247	4	15.65
255	108	4	11.72
188	114	6	18.31
105	261	7	28.29
131	128	17	66.67
102	761	4	16.44
1153	14	7	28.11
107	1461	3	20.77
2314	14	4	16.06
101	1242	3	13.54
113	205	4	10.59
186	110	3	4.92
167	111	4	6.34
3245	14	3	12.04
102	934	3	11.86
103	1724	3	16.56
686	113	5	33.7
1351	14	5	14.96
114	349	3	11.79
110	452	4	19.95
122	411	3	15.22
111	721	3	16.16
126	239	4	16.97
102	808	3	11.04
134	355	4	24.02
139	204	5	25.36
146	14	47	27.62
102	943	3	11.86
2078	14	3	7.83
1024	14	7	22.37
175	177	3	14.27
104	3122	3	25.11
113	891	3	17.88
103	468	7	32.62
140	114	7	12.16
1670	14	3	5.89
1560	14	3	5.89
126	611	3	19.15
384	14	7	5.41
129	137	9	29.24
781	14	10	40.16
183	1	3	5.73
109	283	4	14.61
133	595	4	28.95
895	694	3	41.7
209	145	6	33.82
204	288	3	22.56
748	14	4	4.33
145	102	9	4.31
159	225	6	39.74
2475	14	3	12.04
101	690	4	14.88
109	387	3	11.76
1705	14	4	11.34
643	14	5	5.79
127	116	5	3.93
203	133	5	22.17
168	110	8	22.1
2953	14	3	12.04
980	14	5	10.36
2174	14	3	7.83
107	206	3	4.9
180	559	4	38.28
244	1642	3	37.85
114	206	10	44.82
368	184	5	44.82
1260	14	3	4.59
1293	14	3	4.59
2163	14	3	7.83
146	155	3	8.51
101	436	5	15.59
152	179	3	11.96
152	122	9	30.33
1155	14	5	12.28
174	801	3	27.54
1126	14	5	12.28
165	111	11	36.08
573	138	3	21.57
123	179	3	7.22
123	122	6	7.05
128	140	6	15.46
622	14	5	5.79
170	123	6	20.07
269	102	4	6.27
480	14	12	31.35
1713	14	3	5.89
158	787	3	25.74
1804	155	3	31.02
149	108	15	44.62
151	2939	3	37.09
126	1084	4	33.9
101	625	4	14.08
407	14	6	4.14
106	1560	5	45.76
144	134	13	56.29
166	139	8	38.66
1796	14	3	5.89
107	2148	3	22.99
173	102	20	55.41
101	846	3	10.56
107	1073	4	27.12
246	119	4	15.45
104	1775	3	18.44
119	114	17	32.52
158	620	6	59.41
102	235	5	7.61
219	450	3	27.4
1643	14	5	20.08
542	14	5	4.42
128	125	5	6.89
144	489	9	85.94
148	229	7	46.37
172	1492	4	47.59
3019	14	3	12.04
162	117	3	4.08
105	534	3	12.9
863	14	4	5.14
3218	14	3	12.04
1330	14	5	14.96
2184	14	4	16.06
102	750	3	10.33
102	614	3	9.15
194	204	3	17.92
662	151	4	35.1
101	466	3	6.61
105	206	5	12.28
837	101	3	10.56
2153	14	3	7.83
182	246	9	80.22
137	786	3	23.12
161	198	17	143.71
365	821	3	37.06
197	110	6	18.58
155	143	3	8.09
2939	14	3	12.04
149	135	7	24.97
494	14	5	3.86
138	1831	3	31.07
211	928	5	60.87
103	538	3	9.12
326	156	3	19.57
523	14	6	6.5
128	102	21	20.82
269	140	5	31
129	108	20	48.1
211	671	3	29.88
102	238	8	19.29
121	139	5	8.75
174	156	3	11.84
154	102	25	65.14
105	666	4	22.02
121	273	3	11.46
163	253	8	63.01
987	156	4	39.4
188	139	3	11.08
128	145	11	41.79
102	1536	3	15.57
279	253	3	24.82
103	541	3	9.12
1515	14	3	5.89
104	641	3	11.89
157	123	72	623.91
157	180	3	12.8
111	1198	5	39.88
200	101	11	24.38
132	114	8	11.28
338	104	6	23.79
101	672	4	14.88
357	102	6	18.85
12	1259	4	37.34
155	14	36	20.17
168	122	9	35.12
216	143	3	12.97
161	234	4	23.71
1999	14	4	16.06
135	3189	3	34.26
113	170	4	7.02
267	111	3	8.97
101	569	6	25.83
1232	109	3	20.42
185	121	3	7.14
2191	14	3	7.83
969	14	8	32.12
183	21	5	12.51
111	182	5	12.61
723	102	3	9.71
2162	14	3	7.83
312	14	10	9.46
188	132	3	9.23
101	609	3	8.69
106	143	17	47.88
370	126	3	15.21
133	143	3	4.65
118	179	3	6.08
187	110	4	8.52
785	124	4	29.73
2858	14	3	12.04
1021	101	4	18.05
101	1524	3	15.07
147	101	18	26.57
1953	113	4	39
1716	14	3	5.89
107	337	3	9.81
194	175	4	23.1
135	689	4	31.32
383	772	3	36.61
152	108	6	8.81
110	492	3	13.89
12	102	12	4.78
737	14	5	7.65
117	137	12	35.43
185	134	3	9.31
2146	101	3	17.25
102	811	3	11.04
114	1139	3	19.79
1390	14	4	9
102	607	3	9.15
2697	14	3	12.04
830	14	6	13.5
194	139	4	17.72
1760	14	4	11.34
300	302	5	51.66
134	123	8	17.97
577	111	4	22.67
101	1495	4	23.97
342	102	4	8.97
104	123	16	16.65
1687	14	5	20.08
101	1539	4	23.97
104	180	5	7.05
118	194	4	11.66
2095	14	4	16.06
109	418	4	18.95
133	14	71	40.86
615	101	7	34.6
112	159	5	8.69
1004	14	4	6.12
223	132	3	11.31
132	192	4	14.72
120	2556	3	31.07
515	102	3	7.79
121	132	8	15.92
1366	14	5	14.96
106	349	3	10.05
102	303	4	7.58
276	111	3	9.3
505	104	4	16.42
1478	119	3	24.22
102	475	3	7.41
103	1285	5	33.32
2173	14	3	7.83
3230	14	3	12.04
476	151	9	89.78
110	639	6	40.91
166	132	7	27.42
211	944	3	32.18
102	1144	3	12.84
192	142	3	11.34
2294	14	4	16.06
339	21	4	17.18
160	106	6	9.62
107	751	3	15.39
1036	149	5	50.96
356	145	3	18.2
102	690	3	9.71
101	450	3	6.61
139	130	4	7.62
123	135	6	11.2
1706	14	4	11.34
252	104	7	22.88
193	125	13	75.49
113	278	3	9.6
167	114	5	10.32
142	108	28	108.33
1438	14	3	4.59
130	137	15	64.28
107	363	10	61.57
275	130	3	13.48
347	247	3	26.94
1409	14	3	4.59
131	577	3	19.62
127	187	3	8.4
130	124	8	17.3
310	104	4	11.53
565	14	6	8.16
554	106	4	20.06
139	114	6	8.85
163	122	5	12.82
121	159	8	26.18
1023	14	4	6.12
994	14	6	15.67
153	111	6	11.49
254	111	3	8.35
1352	14	3	4.59
370	101	3	5.2
121	411	4	22.52
1821	146	4	48.35
3050	14	3	12.04
951	14	6	15.67
1343	116	3	22.18
295	14	10	7.73
2252	122	3	27.15
102	402	5	15.8
103	475	3	8.31
3085	14	3	12.04
196	169	3	15.02
208	14	21	19.69
161	987	3	27.47
148	143	6	22.06
306	132	4	22.11
448	102	3	7.05
2295	14	3	7.83
2876	14	3	12.04
234	102	8	18.6
1699	14	4	11.34
692	122	11	116.25
446	1202	3	40.64
202	114	3	6.25
103	2530	3	23.21
113	112	15	18.13
165	125	6	19.34
492	535	3	36.49
267	102	4	6.27
528	109	3	14.32
350	14	8	6.73
142	283	3	16
110	238	5	17.35
162	147	3	9.13
107	2753	3	27.46
111	1001	3	18.42
988	102	4	18.71
783	14	8	22.69
1775	14	3	5.89
447	14	10	19.14
146	126	3	4.14
103	902	3	12.83
812	14	4	5.14
156	287	10	87.79
1120	101	4	19.53
1073	101	6	37.7
1985	120	3	26.58
224	1	48	474.31
1641	14	4	11.34
107	741	4	23.29
2982	14	3	12.04
154	111	4	5.12
358	113	3	11.74
110	1098	3	19.21
128	111	20	55.35
109	110	14	12.3
734	104	3	13.11
916	14	5	10.36
593	259	4	44.37
144	168	10	54.89
136	721	6	54.27
132	142	7	21.24
116	913	3	19.94
317	325	3	29.12
1349	14	3	4.59
2007	14	4	16.06
847	101	3	10.56
2155	14	3	7.83
306	111	3	10.26
101	780	3	9.85
302	109	3	9.83
2308	14	3	7.83
140	116	4	4.62
114	2040	3	24.81
108	1532	3	20.92
108	1608	3	20.92
1147	14	5	12.28
118	149	4	6.2
110	844	4	26
257	108	4	11.92
104	166	7	9.75
104	301	3	6.61
291	120	5	25.05
2894	14	3	12.04
659	14	5	5.79
122	160	3	4.78
1752	14	4	11.34
105	444	3	11.67
126	567	3	18.61
134	249	3	12.79
116	137	30	143.7
765	14	8	22.69
113	187	3	5.36
165	102	14	24.37
831	14	4	5.14
193	139	3	11.41
1757	14	5	20.08
461	14	11	23.83
116	124	41	182.34
105	376	5	22.66
230	124	6	29.48
347	102	8	30.24
1686	14	3	5.89
189	112	3	5.39
550	14	8	14.73
114	1425	3	21.02
102	1113	3	12.84
104	266	5	14.07
1651	14	5	20.08
579	14	12	41.43
127	114	9	12.23
400	102	6	20.67
608	130	3	19.93
13	1106	3	32.47
135	506	3	19.33
135	303	5	30.64
1338	14	6	24.09
2	12	14	58.51
150	777	3	24.82
3133	14	3	12.04
109	282	3	9.26
1367	14	6	24.09
871	14	4	5.14
269	159	3	17.57
101	539	5	18.4
971	14	6	15.67
103	614	5	22.68
461	112	3	13.48
2181	14	4	16.06
625	147	6	56.45
110	431	5	26.81
297	111	3	9.86
161	3058	3	38.04
420	102	4	10.79
2315	14	4	16.06
855	102	4	17.48
432	108	3	11.69
108	307	7	33.38
159	114	4	5.7
1971	113	3	24.76
1698	14	5	20.08
223	102	7	13.46
166	125	13	62.53
254	102	5	8.83
103	238	4	5.82
375	106	3	10.59
871	112	3	17.74
153	102	25	64.36
106	531	4	20.06
174	187	5	30.2
121	102	36	49.76
174	277	4	28.73
191	108	13	53.75
158	739	4	37.18
1811	14	4	11.34
455	275	3	30.11
1417	14	4	9
109	124	47	195.01
106	1255	3	19.19
3250	104	3	25.11
101	845	4	16.83
140	125	6	14.32
103	1227	3	15.02
135	584	3	20.28
120	2573	3	31.07
106	229	4	10.13
173	247	4	26.94
134	110	14	31.43
1207	14	5	12.28
3002	14	3	12.04
104	110	51	102.89
105	1613	3	20.53
1344	14	4	9
952	116	7	65.12
158	291	4	27.15
139	344	3	17.69
213	524	3	27.76
1296	14	3	4.59
304	14	18	38.68
329	110	3	10.73
103	963	3	12.83
104	285	5	15.26
104	182	7	14.16
102	930	3	11.86
158	563	9	98.23
789	125	4	29.97
333	14	8	6.18
2954	14	3	12.04
493	146	3	21.29
108	1110	3	18.12
141	644	3	22.32
985	158	3	27.37
354	253	3	27.1
1708	14	5	20.08
2227	102	3	17.75
2901	14	3	12.04
128	101	14	5.29
141	348	3	18.06
109	249	3	8
160	119	5	11.32
154	101	11	11.3
276	102	5	10.33
113	1749	4	34.01
107	1059	4	27.12
1497	14	4	11.34
101	840	3	10.56
103	1226	3	15.02
979	114	3	18.78
144	163	3	8.65
111	1162	7	67.54
201	126	6	26.25
406	14	8	9.43
104	693	3	12.46
112	102	35	26.87
111	1197	3	19.43
104	710	4	19.28
101	1948	3	17.25
103	1133	5	30.39
178	108	7	18.28
1801	14	5	20.08
1679	14	5	20.08
543	14	6	7.28
101	1080	3	12.35
103	235	4	5.68
269	126	6	33.37
3040	129	3	33.28
123	106	9	6.97
844	120	3	19.68
12	159	3	6.46
642	101	3	8.69
131	203	3	10.19
101	494	4	12.12
1189	14	7	28.11
2103	14	3	7.83
102	842	3	11.04
134	282	3	14.13
101	239	7	14.08
1323	14	4	9
2344	109	3	28.68
262	457	4	41.87
102	917	3	11.86
146	204	3	12.69
105	360	3	10.1
122	142	6	12.89
761	101	7	38.57
122	193	5	17.67
263	110	4	13.48
420	125	6	41.52
1358	14	4	9
199	121	4	12.74
103	880	8	55.68
217	127	3	10.34
